Año;Mes;Dia; Hora
2020;09;20;10-08-28
CH1 ;CH2 ;CH3 ;CH4 ;CH5 ;CH6 ;CH7 ;CH8 ;CH9 ;CH10 ;CH11 ;CH12 ;CH13 ;CH14 ;CH15 ;CH16 ;
-94418.82007346392;-187500.02235174447;8047.834998111129;20557.346410435013;-40956.55422884873;22207.374537870233;-32203.320527472562;-76740.28894189464;20775.320622363168;14819.340684335315;-152050.60268051657;-20260.62700279081;-32708.022917273396;-66607.3714622702;-59788.68124350086;-39330.44246798068;
-94397.09417785337;-187500.02235174447;7991.15097417247;20737.993209122804;-41016.792180155775;22625.41921441784;-32265.637191013957;-76783.78543660468;20504.886866198405;14618.84553657121;-153262.31309918323;-20232.933191410684;-32612.26804402686;-66501.64771099659;-59703.11876572594;-39231.13366736575;
-94189.33471314129;-187500.02235174447;8029.819492080152;20611.862315161507;-40651.89995192289;22265.93610834314;-32211.322451987562;-76582.41857080681;20818.12421299508;14824.705103004588;-152026.79807267166;-20263.353915614356;-32738.309531010334;-66641.18965163108;-59807.12143267649;-39357.33161656042;
-94581.36195914293;-187500.02235174447;8008.607686592065;20674.357792658546;-41274.79836640339;22543.23185005568;-32252.315551318596;-76912.24091198933;20473.974403616718;14600.807678795778;-153213.49688929284;-20233.067301877418;-32604.422581723047;-66487.56611198976;-59701.84471629199;-39217.56615848138;
-94016.15339710157;-187500.02235174447;8007.2218784358365;20655.403513360445;-40404.9355274362;22322.262504370512;-32241.542010491135;-76468.35761885138;20841.794710373248;14826.180318138639;-152077.58123607413;-20271.400543618267;-32751.586467216788;-66652.32082036982;-59815.52568859168;-39366.20525910917;
-94743.00977504371;-187500.02235174447;8022.197547220892;20609.60478897152;-41503.83669183692;22465.336020628933;-32228.198019051317;-77016.48944812888;20442.34668521246;14577.248940139883;-153143.2006529809;-20260.112912668337;-32624.673262199554;-66502.18415286353;-59722.60948689097;-39244.120030894286;
-93866.1061365731;-187500.02235174447;8005.478442368322;20701.112830771548;-40191.20814695456;22408.406127501265;-32248.71692046129;-76372.28982118248;20847.539108698264;14826.828518727842;-152156.43819051245;-20252.96035444264;-32741.014092089426;-66647.69400926758;-59802.38286285196;-39370.854421955875;
-94877.09789003109;-187500.02235174447;8021.035256509216;20550.417369653867;-41689.892612682896;22375.14673175177;-32213.93760608883;-77100.28613809182;20423.32535068099;14596.046757226797;-153043.69068666585;-20260.02350569052;-32634.239808826427;-66508.66615875556;-59730.0973212835;-39252.501935065025;
-93710.35918120852;-187500.02235174447;7983.283160124202;20741.301267302188;-39985.72856017692;22474.92491900026;-32271.67216201689;-76264.82263384135;20826.372006699086;14836.663286288178;-152239.98901128638;-20242.38797931528;-32750.178307316102;-66657.79699776137;-59803.03106344117;-39362.22664859613;
-94985.23562970587;-187500.02235174447;8033.082846770627;20485.552607244565;-41829.83688471757;22294.389879034745;-32198.425495436848;-77164.6144586342;20407.209742928713;14620.65602787209;-152892.6375976369;-20265.14205517078;-32635.804430938297;-66514.47761231395;-59740.759103388686;-39251.47375482008;
-93655.5080003152;-187500.02235174447;7998.929381242917;20779.2545293873;-39894.37698058808;22557.2240420847;-32279.53997606516;-76244.5496016204;20809.58584661315;14849.068504460873;-152391.2656177599;-20211.94490336715;-32722.5739029138;-66628.49386078047;-59773.70557471581;-39327.872017368325;
-95075.73784300541;-187500.02235174447;8059.256739527791;20448.04638004856;-41930.26327255527;22220.897343265697;-32186.17673947534;-77228.24987509845;20434.367112441912;14665.650089460623;-152776.18500902475;-20261.319906868925;-32628.89774190161;-66504.86636219817;-59731.70664688428;-39243.538885538444;
-93614.55960447308;-187500.02235174447;7977.136430398993;20813.162125726;-39841.87273286256;22606.062603719547;-32305.40094439995;-76218.64392979669;20781.377945110555;14860.356135410802;-152549.4489132701;-20203.540647451955;-32716.09189702176;-66617.96618914201;-59763.02144086617;-39321.993508576576;
-95108.5502038658;-187500.02235174447;8063.257701785291;20420.50903087962;-41961.913342703985;22150.42229299811;-32171.156367201373;-77244.20902063955;20451.086217294484;14699.512982310413;-152626.69654210765;-20267.37722961631;-32655.4069108256;-66523.66417928507;-59750.66092618238;-39260.83913574686;
-93616.52655798514;-187500.02235174447;7971.3026250961575;20838.240783004854;-39851.23811378934;22671.039124851122;-32298.38249664098;-76229.97626423553;20745.369284793054;14832.483510075035;-152707.83337448043;-20199.51733345;-32699.953937525028;-66601.69411917856;-59747.7551994032;-39295.12671174129;
-95077.30246511727;-187500.02235174447;8063.257701785291;20397.218513157193;-41905.96692633235;22116.76056584842;-32167.46832936625;-77218.81743893832;20494.895636426885;14731.274811181405;-152461.36068837176;-20260.3811336018;-32665.398140597124;-66543.13254870565;-59759.02047860867;-39263.901324737235;
-93687.5604018641;-187500.02235174447;7978.544590299677;20836.832623104172;-39955.06196678424;22697.704755986306;-32297.711944307324;-76295.53393072294;20696.843647580583;14798.799431180887;-152865.61433859044;-20187.782667610965;-32689.09098971975;-66589.15479053912;-59735.439388208324;-39284.77785405849;
-95009.9790108179;-187500.02235174447;8069.940873377428;20397.598492812933;-41808.69213446285;22092.955958003517;-32161.70157929678;-77174.13630177216;20537.74393054771;14760.10856152875;-152332.6593437981;-20279.380116388813;-32679.23387041496;-66568.43472342906;-59778.66766198489;-39282.16269995722;
-93772.385272072;-187500.02235174447;7971.4143838184345;20834.910373081017;-40092.6146021622;22721.64347429794;-32294.06860996111;-76362.56681234442;20641.27721086469;14769.920977344631;-153001.24472394524;-20203.786516640965;-32672.975381967473;-66577.0624967888;-59733.98652481873;-39278.720531311104;
-94888.07259655865;-187500.02235174447;8076.981672880849;20417.51389712261;-41623.753800839644;22071.52063507088;-32139.97568368622;-77081.19774832699;20597.333681265554;14796.698367202089;-152186.68010076048;-20274.932119242207;-32694.544815366844;-66591.18879928456;-59788.16715337839;-39302.346325200364;
-93942.25852993233;-187500.02235174447;7988.133488671004;20812.469221647887;-40315.50619787052;22691.53567451664;-32260.63040025597;-76485.18848242622;20593.533884708155;14754.58768064829;-153117.0938154571;-20197.438621215657;-32636.229114082947;-66547.98287725245;-59711.56772513005;-39254.871219977285;
-94773.07287133609;-187500.02235174447;8061.648376184509;20443.464272435223;-41429.04775488946;22073.219367649483;-32156.426567605326;-76999.65858455402;20637.61152477402;14833.22111764206;-152132.5665274342;-20266.63962204929;-32700.311565436314;-66601.96234011202;-59789.66472025689;-39323.245206266074;
-94095.07740677327;-187500.02235174447;7986.457107836856;20782.808456755694;-40528.04893589603;22663.841863136517;-32264.832528213567;-76580.18339636129;20522.63415129592;14723.027017477396;-153196.44250827344;-20202.445411973647;-32638.821916439763;-66544.2054324395;-59717.62504787744;-39256.346435111336;
-94602.41730241982;-187500.02235174447;8063.4588674853885;20489.24064507969;-41164.49250751645;22112.469030913002;-32152.492660581192;-76869.77259752424;20672.10026646856;14861.518426122479;-152063.0973056671;-20267.332526127404;-32712.202693486535;-66618.39087228666;-59801.153516906925;-39331.38124124781;
-94244.61057717926;-187500.02235174447;7985.406575847456;20752.47713952984;-40743.7656216342;22612.67872007832;-32255.221278097782;-76666.59524042551;20472.119208826927;14706.263209135916;-153220.671799263;-20226.96527564112;-32630.88704715813;-66531.80021426681;-59714.33934144251;-39252.59134204285;
-94358.06803203441;-187500.02235174447;8050.003117323294;20539.800291037594;-40831.406811643465;22158.133644835194;-32173.7938730471;-76680.67683943234;20704.95733081786;14876.94112979664;-151976.08196450258;-20279.178950688714;-32738.890676366173;-66647.20227088955;-59815.771557780696;-39361.01965439554;
-94399.91049765474;-187500.02235174447;8011.44635813789;20707.997168063783;-40972.267505200805;22558.699257218752;-32231.461373741793;-76763.35594217252;20420.95606576873;14681.989214657453;-153173.88959811802;-20220.371511026802;-32605.383706734625;-66514.03057742484;-59710.114861740454;-39232.988862155544;
-94170.31337860983;-187500.02235174447;8035.385076449523;20595.07615507557;-40565.532811347584;22228.54163986941;-32180.499396383693;-76552.6236954479;20740.071921357146;14898.264694007004;-151974.22676971278;-20253.228575376103;-32732.90040885215;-66653.4831110815;-59812.2176304123;-39351.60956997986;
-94608.89930831187;-187500.02235174447;8022.175195476437;20649.36854235751;-41260.64971216318;22507.26789322709;-32205.555701918092;-76907.16706599797;20377.75014373662;14670.947452896531;-153148.47566467235;-20239.795176958465;-32616.15724756208;-66525.60878105268;-59728.62210614945;-39235.60401625682;
-94018.27681282483;-187500.02235174447;8022.041085009705;20645.099359166546;-40344.339948217865;22309.544361775443;-32190.021239521655;-76457.96405767967;20764.83765421363;14921.398749518246;-152051.9884886728;-20237.515299024024;-32724.652615148145;-66654.51129132645;-59804.95331346433;-39339.3831657628;
-94791.24483957826;-187500.02235174447;8032.322887459146;20591.32106200708;-41506.00481104908;22420.520772996042;-32185.7967598196;-77040.07053852922;20374.12916113486;14679.441115789548;-153102.8334024946;-20229.446319275656;-32603.26029101137;-66506.58744652123;-59715.926315298835;-39213.54284447942;
-93873.79513666572;-187500.02235174447;8000.561058588155;20710.053528553668;-40131.394878792154;22396.358537239856;-32215.211655522784;-76366.25485017954;20785.44596260142;14917.531897727478;-152153.89009164454;-20225.66887446271;-32732.05104256285;-66660.70272454056;-59800.795888995635;-39338.01970935103;
-94931.97142266887;-187500.02235174447;8028.25486996828;20535.106424701982;-41697.15692963087;22333.684245787175;-32180.65585859488;-77122.01203370238;20365.4566842862;14670.56747324079;-152983.65390105892;-20256.849557977865;-32622.08045984274;-66528.98389446543;-59743.53071970114;-39223.51172250649;
-93775.9839029293;-187500.02235174447;7996.805965519663;20755.427569797943;-39995.093941103696;22476.288375412034;-32220.84429512552;-76303.78172442695;20779.992136954326;14896.163630028204;-152281.71971818444;-20208.770955654498;-32719.51171392342;-66657.01468670544;-59796.8619819715;-39322.887578354785;
-95060.15867712005;-187500.02235174447;8044.281070742735;20494.783877704605;-41851.89805649496;22267.903061855206;-32155.867773993945;-77207.9768428775;20382.823989727975;14681.229255345972;-152873.3256904275;-20242.432682804192;-32615.643157439612;-66520.3561211057;-59740.44617896631;-39223.57877773986;
-93684.29704717363;-187500.02235174447;7983.819601991129;20806.054270989214;-39865.2079540739;22555.637068228374;-32249.00749313921;-76243.40966265317;20772.01256418378;14885.412440945202;-152406.4201005006;-20200.098478805838;-32726.507809937935;-66649.34803835726;-59785.574351021576;-39317.74667713007;
-95106.78441605382;-187500.02235174447;8051.031297568238;20458.28347900909;-41906.95040308838;22197.584473798808;-32149.430471590815;-77224.33831981878;20393.150495666327;14699.468278821503;-152713.86834548335;-20254.413217832236;-32635.89383791612;-66535.97999047994;-59755.086571584536;-39239.04618490293;
-93643.05807865359;-187500.02235174447;7978.678700766409;20827.31077996621;-39809.194482468905;22611.136449710903;-32253.94722866383;-76218.10748792977;20741.502433002286;14867.352231425313;-152536.3507910193;-20194.4658392031;-32706.212425972513;-66636.98752367348;-59771.090420614535;-39299.619412376815;
-95118.00499177039;-187500.02235174447;8068.197437309914;20437.36224619892;-41907.665658910955;22147.181290052093;-32133.806602216555;-77227.19934310905;20428.645065861354;14724.636343078178;-152554.79098019493;-20261.029334191007;-32633.88218091514;-66540.18211843754;-59758.34992627501;-39240.1637721257;
-93649.69654675682;-187500.02235174447;7979.2821978667025;20868.281527552786;-39823.0525640312;22674.1013138415;-32249.320417561583;-76232.65847357018;20714.836801867106;14849.403780627703;-152687.6944527262;-20179.959557051607;-32676.99869596943;-66606.87972389218;-59746.88348136944;-39284.308467424926;
-95065.07606090023;-187500.02235174447;8076.556989736198;20442.592554401464;-41824.02543115919;22114.61479838071;-32126.631692246403;-77177.06438029581;20478.310642041048;14763.818951108331;-152382.54843742235;-20259.420008590223;-32646.086233387738;-66554.64369710012;-59764.519007744675;-39255.519420566496;
-93693.14833797794;-187500.02235174447;7986.859439237051;20885.581777761196;-39898.735570756864;22710.646416025927;-32245.073586115075;-76264.62146814125;20672.2790804242;14843.882899747241;-152807.7233204512;-20171.60000462532;-32657.08329165975;-66584.84090385925;-59730.119673027955;-39260.36974911329;
-94991.29295245325;-187500.02235174447;8075.662919957987;20453.455502206743;-41706.83523498002;22095.168780704593;-32122.02723288861;-77122.01203370238;20528.780881021128;14808.902419674687;-152242.53711015428;-20246.455996806144;-32658.33498934925;-66566.15484549462;-59772.11860085948;-39272.64085681926;
-93803.0965689536;-187500.02235174447;7978.365776344035;20873.89181541107;-40062.685616336545;22714.423860838877;-32264.743121235744;-76344.14897491325;20615.729166952275;14807.337797562814;-152942.77256045016;-20177.52321690598;-32646.443861299023;-66572.94977580903;-59730.92433582835;-39252.8148594874;
-94874.75095686328;-187500.02235174447;8068.085678587638;20455.48951095218;-41530.32350901646;22081.13188518666;-32132.085517893498;-77033.72264310392;20572.947928064816;14832.148233908205;-152118.909611572;-20267.041953449483;-32686.833463529765;-66599.66011043312;-59801.30997911811;-39299.887633310274;
-93960.49755340785;-187500.02235174447;7983.976064202317;20837.011437059813;-40279.56459278639;22703.06917465558;-32245.56532449309;-76461.94266819271;20571.293898975124;14781.298015272381;-153045.4788262223;-20186.508618177013;-32635.73737570493;-66558.24232795743;-59725.17993750334;-39239.694385492134;
-94752.8668943485;-187500.02235174447;8059.681422672442;20487.206636334256;-41338.098506700815;22104.243588953446;-32130.02915740361;-76958.7101887119;20641.187803886867;14869.788571570942;-152060.50450331028;-20250.792235230474;-32690.253280431425;-66608.06436634832;-59795.09619415954;-39296.333705941885;
-94119.8654913742;-187500.02235174447;7972.017880918727;20818.59359962864;-40510.34635428743;22676.135322586935;-32248.269885572183;-76573.20965209123;20527.05979669807;14763.461323197047;-153136.45042615538;-20190.04019380095;-32624.74031743292;-66544.02661848385;-59717.55799264408;-39225.41162078519;
-94573.44944160574;-187500.02235174447;8052.439457468922;20524.265828641157;-41074.16910817255;22142.219202783013;-32136.555866784558;-76830.88056217201;20688.95348178786;14892.162667770705;-151984.24035122877;-20254.949659699163;-32713.5214464094;-66634.5288317834;-59811.34591237854;-39320.13831378679;
-94328.45197063113;-187500.02235174447;7993.564962573643;20761.52959603424;-40792.71594199132;22630.13543249791;-32238.412766267393;-76725.53679055415;20488.458334023755;14731.855956537243;-153186.45127850192;-20194.890522347752;-32610.055221325783;-66523.97710370745;-59706.560934372064;-39200.75764665099;
-94404.85023317937;-187500.02235174447;8028.791311835207;20571.137436763936;-40824.67893656241;22181.513569535444;-32165.188451431808;-76719.0100811732;20734.506336987775;14915.09555758185;-151994.54450542267;-20255.15082539926;-32721.94805406905;-66646.79993948936;-59810.78711876716;-39320.33947948688;
-94499.15224303631;-187500.02235174447;7991.3744916170235;20715.753223389773;-41044.284825835806;22557.693428718263;-32231.66253944189;-76836.11087037456;20436.33406595398;14704.34095911276;-153180.39395575452;-20218.359854025824;-32618.146552818605;-66533.23072591194;-59720.463719423264;-39213.67695494616;
-94186.36193112873;-187500.02235174447;8019.180061719426;20630.570725270598;-40528.563026018506;22260.750503629508;-32182.42164640685;-76562.21259381922;20769.442113571422;14913.553287214434;-151991.4152611989;-20247.48417705109;-32742.511658967935;-66668.03409672191;-59816.73268279227;-39331.26948252553;
-94672.57942826503;-187500.02235174447;8018.06247449666;20663.204272175346;-41286.42127352015;22486.70428832821;-32190.6470883664;-76950.4623950079;20423.593571614456;14695.199095630538;-153105.02387345122;-20229.33456055338;-32609.83170388123;-66520.31141761677;-59719.837870578514;-39212.24644330102;
-94038.21456887896;-187500.02235174447;8018.241288452303;20685.734830586294;-40303.05627620891;22329.99620795205;-32193.9998500347;-76471.57627005294;20811.150468725024;14925.086787353372;-152056.97292768632;-20227.658179719234;-32719.15408601214;-66652.76785525894;-59798.65012152793;-39314.01393580603;
-94847.70534607237;-187500.02235174447;8032.881681070528;20615.79622218564;-41514.006735564086;22417.324473538934;-32169.345875900493;-77068.81488189875;20417.71506282271;14697.09899390924;-153046.3728960005;-20236.084787378884;-32608.490599213914;-66511.77305123485;-59718.452062422286;-39187.36895172226;
-93874.1080610881;-187500.02235174447;7999.599933576576;20755.29345933121;-40075.180241487054;22416.25158980508;-32216.597463679012;-76352.88850699527;20833.435157946966;14938.140206115271;-152143.87651012858;-20217.264618547513;-32726.641920404665;-66654.17601515961;-59792.81631622509;-39308.135427014284;
-94943.41551582998;-187500.02235174447;8031.607631636576;20576.92653857786;-41651.24644651967;22337.3722836223;-32175.783178303624;-77107.23753061742;20417.156269211326;14704.787994001867;-152914.341141503;-20245.38311307229;-32624.248579054904;-66521.11608041717;-59733.22656550725;-39208.245481043516;
-93737.00246059925;-187500.02235174447;7994.8390120075965;20811.21752395839;-39884.162233372;22491.64402385283;-32211.210693265286;-76252.84209881331;20837.570230671197;14933.088711868371;-152219.0901302207;-20204.635882930266;-32725.971368071005;-66647.1799191451;-59783.473287042776;-39307.62133689181;
-95026.8769296261;-187500.02235174447;8057.200379037903;20549.813872553572;-41758.1548402494;22263.566823430876;-32148.7375675127;-77145.61547584718;20439.128034010893;14728.234973935483;-152758.8624070719;-20236.710636223634;-32622.013404609374;-66513.0023971799;-59728.309181727076;-39198.813044883376;
-93696.63521011296;-187500.02235174447;8006.417215635445;20859.497291981854;-39819.20806398488;22564.55541426604;-32219.883170113942;-76232.1890869366;20815.710224593906;14933.401636290746;-152357.64859409913;-20179.445466929134;-32691.16970195409;-66617.34034029726;-59759.40045826441;-39281.33568541237;
-95121.31304994978;-187500.02235174447;8064.934082619439;20517.850877982484;-41859.832925776594;22186.3862498267;-32134.54420978358;-77211.66488071262;20460.898633110362;14759.01332605044;-152659.17362680123;-20240.48808103658;-32617.78892490732;-66516.3998623371;-59734.41120796338;-39197.203719282596;
-93652.08818341354;-187500.02235174447;7976.085898409593;20896.891760455583;-39763.77573773572;22606.353176397464;-32257.121176376484;-76205.47875231251;20782.584939311142;14910.80402264643;-152518.49174719953;-20191.738926379556;-32705.653632361133;-66632.4277678046;-59765.860112411996;-39278.60877258883;
-95127.39272444163;-187500.02235174447;8069.3820797660455;20496.236741094202;-41851.85335300605;22123.935475818573;-32136.935846440298;-77210.70375570105;20483.608005476955;14772.558483190356;-152500.45388942407;-20251.5298427975;-32635.200933838005;-66539.3551038927;-59755.62301345146;-39219.019021870976;
-93676.76450929219;-187500.02235174447;7984.19958164687;20922.350397390175;-39804.59002311111;22673.319002785567;-32252.7625862077;-76233.48548811501;20753.30415407469;14886.462972934602;-152674.21635081965;-20178.685507617654;-32679.94912623753;-66607.72909018148;-59752.24790003871;-39271.70208355213;
-95061.6338922541;-187500.02235174447;8077.518114747777;20504.417479564843;-41764.2568664857;22091.83837078075;-32119.50148576516;-77147.64948459262;20542.21427943877;14807.471908029547;-152340.951840991;-20236.665932734722;-32651.294189845827;-66553.6602203441;-59759.60162396451;-39226.37274579677;
-93738.00828909973;-187500.02235174447;7995.040177707694;20925.77021429184;-39908.48093133938;22689.747534960217;-32247.778147194167;-76278.09957004781;20718.614246680052;14863.597138356823;-152796.14511682335;-20160.33472541985;-32661.93362020655;-66578.5153601784;-59723.414149691365;-39232.31830982189;
-94994.73512109938;-187500.02235174447;8091.152678865515;20504.19396212029;-41658.04137683408;22077.577957818266;-32115.858151418946;-77102.58836777072;20596.439611487345;14842.720609035565;-152214.35156039614;-20234.877793178297;-32657.64208527113;-66555.94009827854;-59757.76878091917;-39233.36884181128;
-93811.34436265759;-187500.02235174447;7984.825430491618;20929.212382937956;-40041.16088642608;22703.404450822407;-32277.19304289735;-76324.68060549267;20679.431638649898;14846.430998615146;-152927.90865038737;-20170.32595519137;-32639.93950366253;-66557.92940353506;-59711.9924082747;-39220.136609093744;
-94838.29526165668;-187500.02235174447;8083.083699117148;20521.53891581761;-41448.426717332215;22072.347649615724;-32125.156477112352;-76981.28545061177;20650.12850166899;14881.70205136562;-152064.2819481232;-20247.01479041753;-32683.123073950184;-66586.87491260469;-59777.0583363841;-39269.82453701789;
-93956.0272045168;-187500.02235174447;7996.5377445862;20893.829571465205;-40254.240066318525;22693.703793728804;-32252.42731004087;-76431.90192364478;20627.88851593596;14824.950972193596;-153008.39728217095;-20162.54754812092;-32629.92592214655;-66538.48338585894;-59701.62119884744;-39205.18329205314;
-94699.04389370012;-187500.02235174447;8071.483143744844;20548.092788230515;-41239.70612760856;22089.245568423936;-32138.366358085437;-76891.52084487925;20712.489868699296;14914.849688392842;-151999.9759793253;-20232.597915243856;-32692.28728917686;-66595.05565107532;-59777.77359220667;-39264.661284048714;
-94124.84993038773;-187500.02235174447;7999.10819519856;20866.56044322973;-40502.97027861718;22662.701924169294;-32248.895734416932;-76555.84234664946;20579.765210123685;14800.140535848206;-153081.6215970065;-20175.176283738172;-32627.288416300824;-66530.77203402187;-59704.884553537915;-39198.96950709457;
-94533.70803996421;-187500.02235174447;8075.327643791157;20596.998405098726;-41007.560909695734;22150.779920909397;-32145.720082011234;-76787.69699188435;20760.814340211673;14945.158653874238;-151950.6680310569;-20226.652351218745;-32699.596309613742;-66610.7689274274;-59789.2623888567;-39277.53588885497;
-94321.79115078345;-187500.02235174447;8012.698055827386;20826.729634610372;-40784.95988666533;22623.251095205676;-32237.116365088987;-76700.74870595321;20553.613669110975;14784.606073451767;-153132.06948424215;-20172.98581278155;-32603.237939266914;-66508.26382735537;-59696.32383541153;-39186.363123221774;
-94325.99327874104;-187500.02235174447;8048.840826611618;20649.770873757705;-40724.230196980265;22203.753555268475;-32165.277858409627;-76639.4378709123;20817.006625772316;14966.437514595691;-151934.84299598253;-20220.34915928235;-32718.52823716739;-66630.70668348153;-59794.26917961469;-39288.577650615895;
-94485.2494579851;-187500.02235174447;8023.717465843853;20771.83375022814;-41025.330546537705;22561.292059575568;-32215.27871075615;-76803.63378568098;20515.995683192694;14766.791733120888;-153092.95393144537;-20183.826408842375;-32607.194198035504;-66506.18511512103;-59703.16346921486;-39173.443814926606;
-94170.64865477665;-187500.02235174447;8048.952585333895;20698.207103992358;-40495.68360992475;22268.663021166685;-32174.978515503233;-76541.5148784536;20849.26019302132;14984.050689226473;-151961.68744107336;-20210.80496439993;-32726.15018202665;-66635.75817772844;-59793.84449647004;-39284.241412191564;
-94706.33056239254;-187500.02235174447;8045.286899243224;20727.82316539564;-41322.36287860428;22477.852997523903;-32203.119361772464;-76959.7607207013;20488.994775890682;14762.343735974282;-153090.76346048873;-20201.685452662165;-32602.36622123316;-66497.17736210553;-59703.766966315154;-39166.35831193427;
-94009.2914115538;-187500.02235174447;8035.250965982791;20769.17389263796;-40269.1039763813;22341.440301113165;-32191.809379078077;-76431.18666782221;20869.734390942383;14989.929198018217;-152046.31114558116;-20213.867153390307;-32730.732289639986;-66650.48797732449;-59795.58793253755;-39303.93329905669;
-94850.87929378502;-187500.02235174447;8049.421971967456;20680.929205528406;-41530.81524739447;22402.99700534308;-32176.856062037477;-77044.25031474237;20492.079316625513;14756.040544037885;-152996.52850586516;-20208.18981029866;-32612.51391321587;-66506.20746686548;-59709.73488208472;-39171.745082348;
-93844.24613049581;-187500.02235174447;8010.418177892945;20828.49542242234;-40052.69438656502;22419.984331129115;-32220.129039302952;-76310.19667508564;20908.246446638877;14984.25185492657;-152122.7988151072;-20193.19178976915;-32730.151144284147;-66646.35290460025;-59778.578255007065;-39291.17045297271;
-94951.84212348964;-187500.02235174447;8056.663937170975;20643.93706845487;-41678.984961388705;22320.56377179191;-32178.93477427182;-77089.22202458644;20506.85381971047;14757.359296960747;-152862.9768327447;-20224.797156428955;-32619.957044119485;-66511.66129251258;-59717.53564089962;-39185.37964646574;
-93735.03550708717;-187500.02235174447;8024.857404811073;20893.494295298373;-39907.206881905426;22494.706212843208;-32232.400147008917;-76240.9509707631;20926.530173603318;14977.792200778986;-152217.10082496415;-20188.29675773344;-32714.3708126987;-66638.08275915179;-59771.31393805909;-39292.10922623983;
-95030.18498780549;-187500.02235174447;8078.1886670814365;20627.08385313557;-41785.82629988507;22240.119843497258;-32162.17096593034;-77132.24913266291;20562.30849770409;14780.739221660999;-152729.06753171296;-20218.136336581272;-32614.056183583285;-66509.73904248943;-59715.7475013432;-39186.497233688504;
-93645.91910194387;-187500.02235174447;8016.408445406967;20947.451406413486;-39797.54922360769;22575.3289550935;-32241.51965874668;-76176.66735370962;20958.560223407774;14968.896206485773;-152332.27936414236;-20167.107303989807;-32708.693469607053;-66627.21981134651;-59755.287737284634;-39280.64278133426;
-95075.2461046274;-187500.02235174447;8089.655111987008;20600.708794678307;-41842.68913777937;22194.410526086158;-32134.11952663893;-77151.69515033903;20632.42592006039;14782.326195517326;-152560.93770992014;-20214.604760957332;-32627.6013407232;-66516.08693791473;-59724.08470202502;-39190.87817560174;
-93621.15336908739;-187500.02235174447;8011.222840693336;20988.48920923343;-39776.49388033079;22632.48236566572;-32247.487574516246;-76171.6829146961;20971.81480786977;14894.688414894155;-152475.0399559784;-20163.709838832598;-32692.42139964359;-66610.61246521623;-59740.73675164423;-39262.96255147011;
-95058.41524105254;-187500.02235174447;8087.710510219397;20594.65147193092;-41821.49968403574;22125.365987463712;-32138.053433663066;-77137.88177226565;20695.681356868907;14751.145512002173;-152405.3695685112;-20239.750473469554;-32645.728605476455;-66541.99260973843;-59747.665792425374;-39226.43980103014;
-93615.7442469292;-187500.02235174447;7997.72238704233;21019.02169215938;-39796.69985731839;22671.642621951418;-32255.981237409265;-76171.05706585135;20955.72155186195;14840.932469479141;-152597.4157568712;-20177.36675469479;-32695.32712642278;-66616.04393911886;-59750.59387094902;-39271.85854576332;
-95009.9790108179;-187500.02235174447;8101.859164459606;20592.21513178529;-41752.321034946566;22089.044402723837;-32127.34694806897;-77101.02374565885;20764.39061932452;14774.704250658066;-152236.16686298454;-20243.505566538046;-32658.89378296063;-66552.63204009915;-59758.68520244184;-39232.38536505525;
-93700.14443399245;-187500.02235174447;8002.662122566953;21032.946828955035;-39932.46435313992;22702.242160110734;-32241.452603513317;-76239.45340388459;20928.944162004493;14826.046207671907;-152739.3046306735;-20167.979022023563;-32670.27082088838;-66583.70096489204;-59728.10801602698;-39245.55054253942;
-94924.08125687615;-187500.02235174447;8101.814460970696;20608.911884893405;-41629.87817882039;22082.405934620612;-32112.79596242857;-77036.96364604995;20831.579963157175;14810.60115225329;-152100.91645728546;-20243.34910432686;-32681.401989627124;-66581.5104939354;-59774.06320262709;-39251.786679242454;
-93821.64851685149;-187500.02235174447;8012.899221527484;21019.222857859477;-40109.244300036946;22709.148849147423;-32239.709167445802;-76337.35404459883;20906.011272193347;14799.246466069993;-152863.96030950075;-20158.568937607877;-32662.380655095658;-66569.39584844063;-59718.63087637793;-39218.21435907058;
-94814.1777293894;-187500.02235174447;8101.590943526143;20633.252934605236;-41463.69295879519;22091.27957716937;-32121.088459621486;-76971.29422084025;20912.76149901885;14846.386295126236;-152013.92346786542;-20226.697054707653;-32697.33878342376;-66602.85640989023;-59788.05539465611;-39262.44846134764;
-93951.89213179257;-187500.02235174447;8022.77869257673;21016.87592469167;-40313.98627924756;22701.191628121334;-32240.46912675728;-76430.27024629954;20893.69546099847;14781.476829228024;-152964.07377291608;-20153.875071272265;-32647.65085549961;-66559.67283960257;-59715.926315298835;-39209.83245489984;
-94634.22383477972;-187500.02235174447;8098.707568491408;20672.480246124298;-41220.64008958818;22097.5157138724;-32133.761898727647;-76841.85526869957;20998.949825638512;14881.165609498694;-151908.4455857808;-20221.846726160853;-32711.845065575253;-66624.55995375632;-59792.36928133599;-39284.800205802945;
-94124.98404085447;-187500.02235174447;8026.936117045417;20971.077200302745;-40572.70772131774;22651.30253449709;-32244.00070238122;-76557.42932050578;20867.812140919228;14750.698477113066;-153019.03671253167;-20159.395952152725;-32637.726680961456;-66543.9595632505;-59707.29854193909;-39196.086132059834;
-94448.7937627785;-187500.02235174447;8086.279998574258;20718.077804813125;-40967.037196998266;22145.5272609624;-32136.22059061773;-76716.66314800539;21078.767905088414;14902.37741498678;-151872.68279465233;-20216.81758365841;-32731.604007673744;-66644.09537841027;-59798.82893548357;-39284.88961278077;
-94270.8515251698;-187500.02235174447;8031.920556058951;20934.509746373864;-40801.58958454008;22607.15783919786;-32226.700452172812;-76650.63609488441;20866.403981018542;14734.895793783164;-153019.3719886985;-20177.880844817264;-32628.562465734776;-66542.37258939417;-59710.02545476264;-39193.26981225846;
-94238.26268175396;-187500.02235174447;8070.4996669888105;20769.509168804787;-40683.5053185827;22192.890607463196;-32169.725855556233;-76575.24366083666;21153.869766458247;14933.66985722421;-151826.57114584104;-20227.546420996958;-32751.38530151669;-66668.23526242201;-59813.22345891279;-39304.60385139035;
-94473.02305376805;-187500.02235174447;8052.282995257735;20883.592472504675;-41084.58502108872;22536.951009863737;-32212.7529636327;-76803.96906184782;20853.3729140011;14767.372878476726;-153020.19900324332;-20198.28798750496;-32622.50514298739;-66528.98389446543;-59711.92535304134;-39186.60899241078;
-94092.3057904608;-187500.02235174447;8076.065251358182;20827.93662881096;-40471.521374168566;22274.653288680707;-32169.971724745243;-76499.62770934436;21215.24765673252;15002.714395846653;-151889.87128613846;-20217.644598203256;-32737.348405998757;-66662.44616060807;-59800.05828142861;-39300.84875832185;
-94647.56782621954;-187500.02235174447;8060.083754072637;20841.951172584435;-41338.590245078834;22471.750971287605;-32206.31566122957;-76926.52367669626;20864.861710651126;14791.758631677465;-152994.5615523531;-20207.742775409555;-32613.36327950517;-66521.8983914731;-59706.89621053889;-39172.34857944829;
-93910.60845978362;-187500.02235174447;8054.719335403363;20895.103620899157;-40229.60844392877;22356.684190831686;-32186.22144296425;-76380.33644918639;21255.72666594108;15034.587983439922;-151955.45130437033;-20218.449261003647;-32737.594275187766;-66670.69395431208;-59796.0126156822;-39296.624278619805;
-94797.5256797702;-187500.02235174447;8072.399565267511;20785.423610856964;-41550.12715460386;22398.86193261885;-32178.487739382716;-77024.35726217715;20865.778132173793;14806.041396384408;-152885.17211498882;-20224.41717677321;-32625.45557325549;-66530.63792355513;-59720.10609151198;-39183.18917550912;
-93777.41441457444;-187500.02235174447;8045.823341110152;20941.75171157738;-40038.702194535996;22429.126194611337;-32214.38464097794;-76297.41147725719;21281.900558698246;15042.254631788092;-152056.36943058606;-20198.913836349708;-32732.118097796214;-66669.73282930051;-59790.02234816818;-39290.76812157251;
-94944.53310305276;-187500.02235174447;8088.828097442162;20742.01652312476;-41735.601930093995;22305.5657512624;-32168.541213100103;-77120.22389414597;20884.777114960805;14822.782852981432;-152788.50082021963;-20233.33552281088;-32620.582892964234;-66536.47172885797;-59728.443292193806;-39191.23580351303;
-93674.97636973577;-187500.02235174447;8039.900128829495;20997.96634888248;-39903.13886441456;22509.16779150579;-32233.338920276037;-76228.23282816802;21302.777088019502;15033.40334098379;-152177.22531285588;-20206.535781208968;-32739.225952533005;-66682.42862015113;-59789.93294119036;-39295.39493267476;
-94992.3658361871;-187500.02235174447;8095.265399845291;20714.05449081117;-41808.15569259592;22227.200535202093;-32159.08642519551;-77130.43864136204;20929.65941782706;14833.042303686418;-152641.04636204796;-20254.05558992095;-32627.93661689003;-66554.73310407795;-59746.34703950251;-39201.741123407024;
-93585.56939191454;-187500.02235174447;8036.681477627931;21042.69218953755;-39794.35292415058;22564.35424856594;-32231.79664990862;-76164.86563263723;21293.590521048372;15025.4461199577;-152277.83051464922;-20204.94880735264;-32721.791591857866;-66670.98452699001;-59781.52868527517;-39282.96736275761;
-95043.73014494541;-187500.02235174447;8116.32074312219;20685.66777535293;-41863.632722334;22167.6331362287;-32131.593779515482;-77160.34527544324;20950.781816337327;14869.855626804308;-152484.51709562744;-20250.456959063646;-32634.26216057088;-66556.29772618982;-59749.67744942635;-39204.04335308592;
-93586.41875820384;-187500.02235174447;8033.105198515082;21082.768867345916;-39791.40249388248;22637.75737735717;-32247.86755417199;-76172.68874319659;21267.461331780116;15016.55012566449;-152448.30726960985;-20196.119868292793;-32702.390277670656;-66649.728018013;-59766.35185079001;-39265.711816038114;
-95024.99938309185;-187500.02235174447;8123.786225770263;20684.594891619075;-41827.333489338576;22123.4213856961;-32130.49854403717;-77131.73504254044;20995.48530524794;14907.18304004467;-152327.2502216399;-20269.657107550753;-32650.69069274553;-66575.90020607713;-59768.27410081316;-39230.127838865264;
-93597.54992694258;-187500.02235174447;8035.139207260515;21111.93789386009;-39822.87375007555;22660.936136357326;-32257.52350777668;-76180.10952235575;21235.990075587044;15010.604561639377;-152569.6101867688;-20202.534818951466;-32678.540966336845;-66626.54925901286;-59748.89513837042;-39244.56706578339;
-94966.34840564114;-187500.02235174447;8130.916432251505;20693.5355894012;-41739.13350571794;22066.782065246352;-32122.362509055438;-77076.3921232691;21050.73881754146;14940.978877661095;-152161.33322254816;-20266.21493890464;-32659.229059127458;-66589.53477019486;-59772.67739447086;-39233.52530402247;
-93686.24164894124;-187500.02235174447;8050.092524301115;21127.36059753425;-39960.87342034262;22682.617328478973;-32234.881190643453;-76242.96262776406;21212.0066537865;14985.503552616066;-152699.9432086877;-20184.116981520296;-32655.742186992433;-66606.00800585843;-59735.841719608514;-39227.333870808354;
-94895.8510036291;-187500.02235174447;8142.13700796807;20714.61328442255;-41621.920957794304;22060.501225054413;-32110.247863560664;-77024.69253834398;21132.590905736794;14980.943796747184;-152050.7367909833;-20260.96227895764;-32661.710102761997;-66597.80491564333;-59779.51702827419;-39241.035490159455;
-93798.24624040679;-187500.02235174447;8042.135303275026;21129.46166151305;-40127.25980606792;22688.518189015173;-32250.259190828707;-76319.85262869032;21201.702499592604;14964.559968061445;-152835.3277248535;-20195.784592125965;-32642.577009508255;-66588.48423820546;-59728.845623594;-39207.86550138778;
-94746.07196403408;-187500.02235174447;8127.764836283307;20741.860060913572;-41417.33544079488;22049.951201671505;-32122.094288121974;-76912.08444977814;21218.086328278343;14995.025395754028;-151937.614612295;-20272.741648285588;-32686.677001318578;-66629.2314683475;-59804.573333808585;-39270.02570271798;
-93924.89122449055;-187500.02235174447;8040.794198607708;21110.619140937226;-40327.79965732094;22662.63486893593;-32245.364158792992;-76397.05555403895;21177.18263592513;14892.52029568199;-152908.6414466669;-20196.633958415267;-32635.536210004833;-66583.52215093639;-59732.846585851505;-39197.80721638289;
-94589.16271795782;-187500.02235174447;8127.071932205193;20777.131113664047;-41187.26893511641;22085.535178844355;-32136.17588712882;-76797.39764897796;21297.189151905677;14984.698889815676;-151846.3300879395;-20263.06334293644;-32710.392202185656;-66648.20809939005;-59813.49167984625;-39273.80314753093;
-94098.76544460839;-187500.02235174447;8046.851521355095;21076.55508238734;-40570.0255119831;22634.67283662234;-32232.37779526446;-76513.6646048623;21160.575289794837;14857.383353398247;-152968.1641421514;-20205.19467654165;-32627.757802934386;-66564.18789198255;-59727.70568462679;-39190.27467850145;
-94413.94739317267;-187500.02235174447;8113.07974017617;20822.907486308515;-40929.910949458;22127.891734587163;-32133.650140005368;-76677.50289171969;21353.046161299488;15005.6424743703;-151801.55954379553;-20258.39182834528;-32722.529199424887;-66661.6862012966;-59821.359493894524;-39283.16852845771;
-94283.52496427596;-187500.02235174447;8050.8971871015065;21039.562945313806;-40829.8868930205;22582.392106341376;-32218.698527657813;-76640.66721685734;21111.22263803752;14836.752693265998;-152984.97265398176;-20211.319054522402;-32625.522628488856;-66554.48723488895;-59728.242126493715;-39191.191100024116;
-94223.8905100692;-187500.02235174447;8095.55597252321;20878.09394336867;-40660.52772528264;22175.076267132317;-32160.9416199853;-76548.60038144594;21380.60586221288;15023.993256568107;-151796.19512512628;-20262.973935958616;-32738.600103688255;-66677.01949799294;-59826.254525930235;-39296.266650708516;
-94462.85301004088;-187500.02235174447;8064.196475052414;20985.225854542954;-41081.746349542904;22512.1629252628;-32193.441056423315;-76763.37829391698;21056.50556761093;14823.11812914826;-152965.0125461832;-20231.81560418792;-32623.667433699065;-66549.18987145304;-59728.82327184955;-39177.93651556212;
-94028.98329841893;-187500.02235174447;8084.424803784466;20933.213345195454;-40392.35149530786;22248.479395923543;-32180.387637661417;-76416.5909786929;21405.349243324905;15052.201158070704;-151822.12314869443;-20253.161520142738;-32734.75560364194;-66683.8367800518;-59818.3196566486;-39293.94206928516;
-94601.54558438607;-187500.02235174447;8073.695966445919;20927.536002103807;-41289.90814565517;22419.403185773277;-32171.268125923652;-76845.36449257904;21021.994474171934;14836.037437443429;-152882.40049867638;-20244.734912483087;-32627.154305834094;-66550.46392088699;-59736.422864964356;-39187.19013776662;
-93852.0021858218;-187500.02235174447;8085.318873562679;20984.73411616494;-40150.773841234906;22311.868943198795;-32163.690884553303;-76301.52419823698;21402.823496201458;15072.071858891471;-151866.51371318268;-20238.744644969065;-32739.181249044093;-66682.3392131733;-59815.1680606804;-39297.808921075935;
-94787.08741510958;-187500.02235174447;8103.0214551712825;20873.42242877751;-41535.41970675227;22325.391748594255;-32160.718102540744;-76979.11733139961;20989.696203434018;14859.998507499518;-152806.02458787258;-20244.779615972;-32609.384668992123;-66530.07912994376;-59732.31014398458;-39187.86069010028;
-93732.80033264165;-187500.02235174447;8069.672652443965;21038.512413324406;-39990.891813146096;22385.09325803438;-32201.13005651594;-76231.16090669167;21382.863388402868;15094.669472535787;-151992.15286876596;-20239.705769980643;-32738.62245543271;-66678.1370852157;-59808.50724083272;-39299.552357143446;
-94920.5496812522;-187500.02235174447;8114.912583221506;20826.751986354826;-41721.833255509526;22253.463834937076;-32134.946541183777;-77069.06075108776;20973.29002300382;14910.446394735145;-152714.27067688355;-20264.270337137026;-32621.36520402017;-66531.24142065542;-59740.06619931057;-39186.787806366425;
-93626.62954647894;-187500.02235174447;8057.781524393741;21089.675556382605;-39854.143840568526;22469.44874160871;-32220.7548881477;-76166.38555126019;21373.542710965005;15147.129016772393;-152127.87266109858;-20231.882659421284;-32724.13852502567;-66665.19542517608;-59792.59279878054;-39290.96928727261;
-94962.0121672168;-187500.02235174447;8111.872745975584;20791.10095394861;-41789.76020690921;22180.01600265694;-32137.516991796136;-77074.8945563906;20983.81769464227;14961.520130815523;-152551.19234933762;-20284.96805250264;-32639.73833796243;-66545.74770280691;-59753.79017040613;-39204.71390541958;
-93548.86782751893;-187500.02235174447;8053.78056213624;21131.383911536206;-39760.110051645046;22534.715835418207;-32216.843332868022;-76106.0134894864;21347.525280419028;15152.739304630675;-152226.91324078004;-20233.871964677808;-32722.99858605845;-66657.99816346147;-59786.22255161078;-39277.91586851071;
-95025.55817670324;-187500.02235174447;8138.024286988293;20773.376020595555;-41855.58609433009;22108.401013422135;-32113.22064557322;-77116.60291154419;21017.59118051424;15002.669692357744;-152406.93419062308;-20275.423857620222;-32631.199971580503;-66543.37841789465;-59752.560824461085;-39193.225108769555;
-93531.54522556606;-187500.02235174447;8057.02156508226;21181.138894693722;-39753.91861843093;22592.070411690525;-32239.932684890355;-76107.39929764262;21337.779919836514;15156.404990721345;-152397.99349284096;-20220.34915928235;-32704.17841722708;-66636.80870971784;-59767.312975801586;-39268.68459805067;
-94995.38332168858;-187500.02235174447;8152.977604028893;20767.855139715095;-41819.622137501494;22060.61298377669;-32101.798904156556;-77089.19967284199;21074.83399806428;15050.658887703286;-152233.66346760554;-20284.476314124622;-32643.761651964385;-66559.40461866911;-59766.7094787013;-39218.48258000405;
-93591.06792105055;-187500.02235174447;8061.514265717777;21197.232150701544;-39844.06320381918;22643.412368704365;-32235.14941157692;-76163.65863843664;21314.422346880718;15144.960897560228;-152545.8502824128;-20206.289912019958;-32671.813091255797;-66608.04201460387;-59747.665792425374;-39237.30274883542;
-94937.80522797171;-187500.02235174447;8140.974717256394;20780.930910221447;-41728.56113059058;22040.183489344538;-32110.91841589432;-77043.24448624188;21139.072911628835;15093.618940546387;-152115.26627722578;-20284.945700758184;-32660.391349839134;-66576.90603457762;-59778.46649628479;-39238.19681861363;
-93673.97054123528;-187500.02235174447;8064.040012841227;21212.52074390897;-39967.467184956935;22667.90988062738;-32219.726707902755;-76224.09775544378;21287.26497736752;15129.18056597478;-152677.05502236547;-20200.880789861774;-32667.253335386915;-66594.34039525276;-59738.47922545424;-39232.13949586624;
-94850.70047982938;-187500.02235174447;8158.945519798461;20807.037747745246;-41582.313666619506;22039.22236433296;-32097.932052365788;-76977.12802614308;21212.453688675607;15144.737380115675;-151981.37932793848;-20275.267395409035;-32675.32231513528;-66587.8136858718;-59782.288644586646;-39249.05976641891;
-93810.67381032393;-187500.02235174447;8078.970978137372;21220.075633534867;-40155.04302442587;22676.470598753764;-32223.057117826596;-76322.0654513914;21265.002639890034;15140.177624246791;-152809.57851524098;-20184.161685009203;-32631.915227403075;-66560.09752274722;-59712.61825711945;-39193.67214365866;
-94708.56573683808;-187500.02235174447;8164.198179745457;20851.294201766756;-41373.72718736258;22050.7558644719;-32109.465552504727;-76874.71233304887;21295.40101234925;15210.652674514375;-151888.93251287134;-20262.638659791788;-32685.626469329178;-66607.75144192594;-59785.68610974385;-39250.04324317494;
-93922.58899481165;-187500.02235174447;8087.911675919495;21206.70929035059;-40335.77923009148;22654.320019998555;-32233.562437720593;-76390.86412082483;21239.745168655536;15146.14554001636;-152868.4753618807;-20196.589254926355;-32618.25831154088;-66548.87694703066;-59708.68435009532;-39190.60995466828;
-94515.93840312224;-187500.02235174447;8168.847342592162;20892.26494935333;-41105.953288788;22082.94237648754;-32109.35379378245;-76735.93035172587;21363.79735038249;15261.458189661289;-151784.3710523094;-20253.00505793155;-32691.147350209638;-66614.74753794045;-59786.401365566424;-39259.94506596864;
-94096.01618004039;-187500.02235174447;8118.242993145346;21172.511121333973;-40580.575535366006;22617.551400369575;-32202.717030372267;-76508.72486933766;21204.831743816347;15138.5235951571;-152905.95923733225;-20184.13933326475;-32603.03677356682;-66525.72053977496;-59693.99925398818;-39170.47103291405;
-94350.98252904207;-187500.02235174447;8178.749165385862;20940.254144698876;-40858.51947766775;22125.634208397176;-32114.338232795984;-76622.60700733746;21421.53190631055;15298.673844179375;-151751.60339493793;-20242.276220593005;-32694.768332811396;-66623.44236653356;-59784.92615043237;-39270.49508935155;
-94296.9583626936;-187500.02235174447;8136.549071854243;21131.115690602743;-40858.0947945231;22561.202652597745;-32187.875472053944;-76642.74592909169;21179.060182459376;15126.587763617965;-152944.0466098841;-20188.408516455715;-32587.815235592752;-66508.10736514418;-59686.75728878466;-39153.930742017124;
-94166.8712099637;-187500.02235174447;8178.3915374745775;20998.815715171782;-40593.785416339095;22185.313366092847;-32137.20406737376;-76496.54316860953;21478.037116293566;15319.751539200728;-151755.82787463997;-20232.463804777122;-32709.699298107542;-66642.88838420968;-59789.10592664551;-39269.846888762346;
-94464.48468738612;-187500.02235174447;8146.741467325863;21091.55310291685;-41097.86195729518;22490.280567441056;-32199.07369602605;-76751.68833156685;21150.85228095678;15108.125222697881;-152905.86983035444;-20208.167458554206;-32600.801599121285;-66515.7963652368;-59702.224695947734;-39161.99972176549;
-93977.01549256033;-187500.02235174447;8174.18940951698;21063.68047758108;-40330.50421840003;22279.235396294047;-32149.452823335272;-76371.3733996598;21501.417040993816;15333.341399829556;-151782.4711540307;-20224.171307584205;-32714.5719783988;-66647.06816042283;-59790.379976079465;-39268.88576375077;
-94629.84289286648;-187500.02235174447;8190.372072502622;21048.50364309593;-41327.88375948474;22427.405110288277;-32162.46153860826;-76862.97766720982;21133.17205109263;15113.914324511807;-152834.8359864755;-20205.127621308282;-32592.97848856193;-66499.68075748453;-59694.401585388376;-39141.25730291096;
-93832.66792686796;-187500.02235174447;8197.390520261588;21124.27605679942;-40127.5727304903;22347.587030838375;-32168.541213100103;-76287.91198586368;21528.283837829094;15345.187824390869;-151868.7041841393;-20203.697109663142;-32702.457332904025;-66636.78635797338;-59773.50440901571;-39258.46985083459;
-94767.03790033316;-187500.02235174447;8227.163043876059;21002.88373266265;-41518.92411934425;22344.100158703346;-32162.103910696977;-76949.32245604068;21125.885382400204;15124.576106616987;-152752.53686339103;-20224.23836281757;-32603.237939266914;-66508.08501339973;-59711.41126291887;-39147.001701235975;
-93653.0493084251;-187500.02235174447;8215.897764670583;21189.453743631097;-39894.399332332534;22420.92310439624;-32199.431323937337;-76159.18828954558;21525.467518027726;15354.03911519517;-151937.88283322845;-20212.32488302289;-32716.985966799974;-66645.9282214556;-59782.35569982001;-39266.22590616059;
-94869.40888993847;-187500.02235174447;8268.603178096197;20961.823578098247;-41657.12495531142;22261.063428051883;-32142.322616854028;-77008.84515152517;21119.47043174153;15138.121263756904;-152602.1096232068;-20233.737854211075;-32603.863788111663;-66505.67102499855;-59720.95545780128;-39161.17270722064;
-93564.22347595972;-187500.02235174447;8218.065883882748;21234.827784875368;-39773.09641517358;22506.530285660065;-32229.71793767428;-76108.49453312095;21512.59291322147;15341.008048177726;-152071.97094821584;-20206.871057375796;-32707.151199239637;-66642.9777911875;-59778.913531173894;-39260.459156091114;
-94934.58657677015;-187500.02235174447;8292.877172574661;20922.015121223347;-41745.14612497642;22199.68553777761;-32115.8805031634;-77045.99375080988;21134.17787959312;15147.531348172588;-152457.69500228108;-20260.939927213185;-32626.88608490063;-66535.57765907976;-59752.18084480535;-39181.08811153032;
-93524.37031559591;-187500.02235174447;8233.555642790276;21272.825750449392;-39716.39003949047;22585.36488835393;-32207.299137985607;-76088.66853578908;21494.800924635045;15327.485242782264;-152212.96575223992;-20191.113077534807;-32694.61187060021;-66625.0293403899;-59762.23912981023;-39243.22596111608;
-94979.20065870293;-187500.02235174447;8315.07245481878;20908.559371061252;-41787.07799757457;22143.6273626837;-32101.798904156556;-77068.77017840985;21172.689935289614;15184.344671290479;-152325.5961925502;-20254.23440387659;-32615.240826039415;-66525.09469093021;-59742.68135341184;-39172.61680038176;
-93514.73671373568;-187500.02235174447;8236.371962591644;21308.812059022435;-39716.971184846305;22638.070301779546;-32215.546931689612;-76085.98632645444;21469.543453400547;15327.909925926915;-152357.5591871213;-20186.4639146881;-32674.785873268353;-66599.10131682173;-59743.21779527877;-39222.81881842838;
-94957.11713518109;-187500.02235174447;8324.907222379115;20892.42141156452;-41748.20831396679;22085.13284744416;-32089.997183084153;-77050.95583807897;21217.371072455775;15230.501023590688;-152167.167027851;-20251.708656753144;-32633.613959981678;-66531.88962124463;-59746.21292903578;-39184.46322494307;
-93548.7337170522;-187500.02235174447;8233.063904412258;21320.16674520573;-39775.711569274856;22670.100351584002;-32233.18245806485;-76120.18449547107;21430.405548859304;15306.65341694992;-152508.70168312808;-20180.04896402943;-32665.04051268584;-66586.94196783805;-59730.477300939245;-39213.364030523786;
-94915.98992538333;-187500.02235174447;8331.009248615414;20885.604129505653;-41664.67984493731;22069.59838504772;-32072.361656708916;-77023.3290819322;21256.26310780801;15257.189006470324;-152034.77764544223;-20262.90688072525;-32658.17852713806;-66557.8623483017;-59767.670603712875;-39201.96464085158;
-93648.64601476742;-187500.02235174447;8231.029895666827;21322.424271395717;-39911.677230796486;22703.560913033594;-32212.216521765775;-76193.58762426229;21391.826437929445;15279.987785814737;-152660.76060065755;-20171.823522069877;-32646.868544443674;-66568.56883389578;-59721.53660315712;-39207.15024556521;
-94788.13794709898;-187500.02235174447;8325.868347390693;20903.932559959005;-41478.53451711351;22067.6090797912;-32074.14979626534;-76924.13204003955;21317.17161144872;15269.571872898565;-151910.4572427818;-20241.806833959443;-32669.13088192116;-66575.87785433268;-59770.97866189226;-39217.34264103683;
-93767.19966735836;-187500.02235174447;8240.3952765936;21298.88788448428;-40093.39691321813;22688.317023315078;-32201.599443149502;-76272.86926184526;21332.147280233774;15225.404825854877;-152746.4571888992;-20177.14323725024;-32632.764593692376;-66555.89539478962;-59717.53564089962;-39196.62257392676;
-94653.87101815594;-187500.02235174447;8326.561251468807;20929.078272471223;-41287.918840398655;22078.94141423004;-32081.145892279852;-76821.35871903405;21363.216205026652;15287.967358585282;-151817.42928235882;-20243.90789793824;-32677.42337911408;-66586.80785737131;-59779.204103851815;-39240.275530847975;
-93965.2808267213;-187500.02235174447;8265.16100945008;21270.322355070395;-40368.21161129613;22682.17029358987;-32177.168986459852;-76418.7367461606;21286.393259333763;15209.065700658048;-152852.31505063953;-20160.982926009052;-32601.002764821384;-66509.6943390005;-59689.48420160821;-39163.363178177264;
-94506.19304253973;-187500.02235174447;8326.158920068612;20982.387182997132;-41063.97671270093;22118.7722228494;-32093.193482541265;-76723.03339517515;21428.662112791793;15333.676675996385;-151787.6791104888;-20218.315150536913;-32671.27664938887;-66582.78454336936;-59769.79401943613;-39239.80614421441;
-94102.74405512144;-187500.02235174447;8262.054116970792;21257.581860730872;-40580.73199757719;22633.465842421752;-32168.89884101139;-76498.42071514377;21255.25727930752;15197.018110396637;-152892.12350751442;-20171.488245903045;-32605.4954654569;-66508.04030991082;-59690.60178883097;-39166.313608445365;
-94294.99140918153;-187500.02235174447;8322.806158400317;21040.993456958946;-40774.36515979352;22164.503892004956;-32097.507369221137;-76572.51674801312;21492.990433334166;15363.583310077585;-151714.83477530896;-20213.174249312193;-32684.732399550965;-66602.34231976776;-59777.170095106376;-39262.224943903086;
-94297.13717664924;-187500.02235174447;8277.521524133865;21220.52266842397;-40851.63514037552;22574.99367892667;-32158.8405560065;-76636.8897720444;21229.9104010952;15178.95790087675;-152897.91260932834;-20176.539740149947;-32578.11457849915;-66487.40964977856;-59687.62900681842;-39151.695567571594;
-94116.69154366155;-187500.02235174447;8305.707073892007;21108.853353125258;-40519.42116253629;22223.57955260033;-32111.097229849966;-76456.69000824571;21529.82610819651;15377.530798617698;-151732.64911563983;-20207.13927830926;-32696.690582834555;-66614.45696526254;-59779.58408350755;-39261.68850203616;
-94461.04251874001;-187500.02235174447;8287.758623094394;21186.548016851906;-41084.85324202219;22504.630387381363;-32149.40811984636;-76738.00906396021;21200.406098414194;15175.582787463998;-152867.64834733587;-20186.955653066118;-32589.379857704625;-66486.02384162234;-59688.321910896535;-39154.82481179533;
-93930.70267804894;-187500.02235174447;8295.805251098305;21166.2973363754;-40254.75415644099;22289.18192257666;-32137.65110226287;-76330.9167421957;21566.08063770302;15396.485077915799;-151761.92990087628;-20199.04794681644;-32713.00735628693;-66631.89132593767;-59783.249769598224;-39268.52813583948;
-94653.75925943366;-187500.02235174447;8307.539916937341;21127.248838811975;-41345.27341667097;22430.33318881192;-32108.43737225978;-76871.27016440275;21193.968796011068;15176.208636308747;-152808.4162245293;-20188.60968215581;-32588.105808270673;-66486.42617302254;-59694.84862027748;-39148.90159951468;
-93787.11507166804;-187500.02235174447;8286.909256805093;21226.848212104826;-40051.286226664335;22377.359554452843;-32141.137974397898;-76239.31929341785;21603.40805094338;15412.600685668074;-151861.37281195793;-20170.16949298018;-32702.03264975937;-66630.88549743718;-59770.24105432523;-39269.04222596195;
-94793.5247175127;-187500.02235174447;8313.127853051168;21089.541445915875;-41529.876474127355;22357.287687931977;-32115.478171763203;-76955.64799972154;21196.24867394551;15187.33980504749;-152717.60108680738;-20198.33269099387;-32595.057200796273;-66497.64674873909;-59703.74461457069;-39151.42734663813;
-93667.9579219768;-187500.02235174447;8282.528314891853;21283.19695987665;-39876.94261991294;22449.175709387746;-32158.907611239865;-76163.25630703644;21595.495533406203;15408.53266817721;-151958.91582476092;-20176.584443638854;-32712.247396975446;-66647.87282322321;-59772.23035958176;-39263.25312414803;
-94921.82373068616;-187500.02235174447;8329.690495692552;21047.140186684155;-41686.29398182559;22267.79130313293;-32098.78141865509;-77044.67499788702;21200.048470502912;15198.046290641581;-152622.49441415005;-20196.879827604276;-32586.138854758607;-66498.16083886157;-59703.3422831705;-39146.53231460242;
-93556.7803450561;-187500.02235174447;8266.569169350763;21333.913068045746;-39735.16550483293;22523.763480635105;-32187.115512742464;-76092.93771898004;21593.55093163859;15406.297493731678;-152090.38878564702;-20171.443542414134;-32704.08901024926;-66642.03901792038;-59763.51317924418;-39259.58743805736;
-94954.74785026883;-187500.02235174447;8331.88096664917;21008.941055410036;-41740.564017363075;22186.609767271253;-32099.0272878441;-77053.07925380222;21214.599456143314;15220.666256030352;-152442.56287128484;-20223.23253431708;-32613.139762060615;-66520.11025191669;-59723.59296364701;-39167.632361368225;
-93500.25278332863;-187500.02235174447;8259.774239036351;21366.41250448376;-39671.93241976886;22586.348365109967;-32184.679172596836;-76064.39454131061;21571.914443005855;15397.535609905197;-152211.55759233923;-20169.655402857712;-32691.728495565476;-66625.36461655672;-59748.023420336656;-39247.09281290684;
-95019.2773365113;-187500.02235174447;8346.297841822845;20973.267671259364;-41809.13916935196;22132.540897433868;-32066.617258383903;-77103.52714103785;21252.97740137308;15246.706038320786;-152314.26385811137;-20225.33359829588;-32612.133933560126;-66521.8536879842;-59724.531736914134;-39163.22906771053;
-93554.34400491048;-187500.02235174447;8254.499227344899;21386.774943682547;-39735.59018797758;22639.1431855134;-32202.314698972074;-76119.89392279314;21539.616172267935;15373.37337414901;-152427.72131296652;-20158.770103307976;-32676.641068058143;-66612.93704663958;-59729.62793464994;-39214.749838680014;
-94963.73325153986;-187500.02235174447;8335.524300995387;20976.463970716475;-41720.78272352013;22091.525446358377;-32086.06327606002;-77045.72552987642;21295.06573618242;15278.289053236134;-152177.9629204229;-20241.180985114694;-32639.693634473522;-66560.56690938078;-59745.922356357856;-39190.54289943491;
-93557.11562122294;-187500.02235174447;8242.96572720596;21401.504743278594;-39757.517249288234;22672.44728475181;-32212.149466532406;-76111.98140525597;21507.004977107645;15357.548339074654;-152515.92129658716;-20172.404667425715;-32670.784911010855;-66610.09837509374;-59727.07983578204;-39217.63321371475;
-94894.04051232821;-187500.02235174447;8347.661298234618;20971.56893868076;-41606.47590237569;22056.589669774734;-32072.093435775452;-76994.60709030714;21353.783768866513;15334.615449263509;-152010.6377614305;-20246.43364506169;-32650.914210190083;-66573.44151418704;-59750.43740873783;-39204.98212635305;
-93673.97054123528;-187500.02235174447;8254.275709900345;21396.386193798327;-39914.56060583122;22686.506532014195;-32210.42838220935;-76202.32715634431;21469.67756386728;15370.780571792195;-152655.99967908856;-20168.157835979204;-32642.532306019344;-66583.18687476956;-59702.96230351476;-39193.649791914206;
-94781.41007201793;-187500.02235174447;8340.106408608724;20990.322052278763;-41433.6298625028;22061.931736699553;-32080.87767134639;-76903.00964152928;21407.249141603606;15395.345138948578;-151893.00053036222;-20248.53470904049;-32669.712027276997;-66594.74272665296;-59763.64728971092;-39222.72941145056;
-93799.27442065174;-187500.02235174447;8256.488532601421;21381.678745946738;-40102.806997633816;22692.765020461684;-32204.08048678404;-76279.7088956486;21423.074176677965;15363.113923444025;-152762.08105827344;-20183.222911742083;-32627.26606455637;-66564.54551989383;-59696.81557378955;-39183.99383830951;
-94635.54258770258;-187500.02235174447;8339.301745808334;21015.02072990188;-41218.49432212047;22081.13188518666;-32076.049694544043;-76792.81554136462;21472.49388366865;15440.652124959484;-151788.573180267;-20250.233441619093;-32671.52251857788;-66609.65134020464;-59768.430563024354;-39236.29692033493;
-93964.69968136546;-187500.02235174447;8265.183361194535;21348.75462636407;-40330.68303235567;22665.317078270564;-32187.316678442563;-76393.27810922601;21378.66126044527;15358.978850719794;-152831.66203876282;-20186.978004810575;-32606.30012825729;-66548.0052289969;-59689.797126030586;-39165.263076455965;
-94499.08518780294;-187500.02235174447;8340.329926053277;21055.186814688066;-40994.48513918938;22114.011301280418;-32069.277115974084;-76706.67191823387;21522.382977292895;15485.355613870099;-151745.07668555697;-20242.231517104094;-32678.160986681105;-66619.28494206489;-59769.16817059138;-39236.274568590474;
-94163.96548318453;-187500.02235174447;8269.363137407678;21315.919913759222;-40598.36752395243;22619.317188181543;-32178.241870193706;-76534.83170686147;21334.7847860795;15342.3715045895;-152907.90383909986;-20192.52123743549;-32591.793846105797;-66527.91101073158;-59679.47062009223;-39146.95699774707;
-94298.4559295721;-187500.02235174447;8322.515585722398;21105.58999843478;-40711.9590892743;22159.29593554687;-32087.73965689417;-76567.39819853284;21563.37607662393;15503.751099556817;-151711.77258631858;-20240.979819414595;-32700.80330381433;-66638.50744229644;-59776.79011545064;-39251.69727226463;
-94336.85622654633;-187500.02235174447;8288.11625100568;21267.953070158135;-40841.956835026365;22562.208481098234;-32150.21278264675;-76652.9383245633;21291.958843703134;15311.324931541078;-152886.35675744497;-20197.550379937933;-32583.344886701692;-66512.28714135733;-59679.448268347776;-39141.212599422055;
-94112.33295349276;-187500.02235174447;8315.83241413026;21159.86003397227;-40442.3970511433;22217.566933341855;-32102.827084401502;-76448.77749070854;21597.12721075144;15506.992102502836;-151710.565592118;-20231.726197210097;-32696.601175856733;-66641.2790586089;-59775.851342183516;-39257.28520837846;
-94516.83247290045;-187500.02235174447;8298.018073799381;21226.579991171362;-41088.96596300197;22488.69359358473;-32133.69484349428;-76776.90109931244;21251.233965305564;15298.405623245912;-152859.66877456533;-20199.09265030535;-32579.522738399835;-66498.63022549513;-59682.21988466023;-39130.34965161677;
-93936.20120718495;-187500.02235174447;8305.014169813892;21225.23888650404;-40185.016713740435;22296.826219180373;-32108.88440714889;-76330.96144568462;21619.411899973384;15530.014399291802;-151756.61018569593;-20213.062490589917;-32697.450542146034;-66644.78828248839;-59773.59381599353;-39256.14526941124;
-94657.67081471335;-187500.02235174447;8302.667236646084;21183.843455772814;-41273.81488964736;22412.384738014312;-32124.30711082305;-76851.31005660415;21237.040607576444;15304.328835526567;-152774.39686946833;-20210.42498474419;-32580.26034596686;-66505.53691453183;-59688.97011148574;-39143.80540177887;
-93792.6359525485;-187500.02235174447;8305.640018658642;21281.632337764782;-39964.248533755366;22371.637507872285;-32118.585064242492;-76236.9947119945;21631.37008325697;15534.2165272494;-151820.87145100493;-20205.66406317521;-32697.584652612768;-66648.11869241223;-59766.620071723475;-39244.947045439134;
-94820.36916260353;-187500.02235174447;8326.762417168906;21138.111786617254;-41479.00390374707;22331.806699252928;-32102.69297393477;-76965.14749111504;21238.091139565844;15310.296751296133;-152684.6322637358;-20218.985702870574;-32574.11361624165;-66500.61953075166;-59692.07700396502;-39134.95411097457;
-93659.3077968726;-187500.02235174447;8283.154163736603;21345.200698995675;-39786.10513044657;22446.78407273103;-32151.8891634809;-76140.63634164767;21641.741292684233;15523.957076544415;-151938.79925475112;-20195.941054337152;-32690.38739089816;-66649.77272150191;-59762.17207457687;-39251.49610656454;
-94931.18911161294;-187500.02235174447;8332.149187582634;21091.50839942794;-41621.83155081649;22243.271439465458;-32081.7717411246;-77026.50302964485;21240.549831455926;15306.78752741665;-152548.5995469808;-20232.553211754945;-32587.83758733721;-66509.06849015575;-59701.39768140289;-39136.22816040852;
-93591.33614198401;-187500.02235174447;8276.850971800206;21385.657356459782;-39674.79344305914;22530.156079549324;-32157.141823427897;-76097.31866089329;21632.398263501917;15504.421651890476;-152077.13420118502;-20179.780743095966;-32678.809187270308;-66630.23729684798;-59742.3013737561;-39222.57294923937;
-94994.15397574354;-187500.02235174447;8341.98395514297;21053.711599554015;-41685.556374258565;22178.20551135606;-32071.467586930707;-77055.42618697003;21263.48272126707;15318.589248489054;-152401.88269637618;-20236.665932734722;-32596.711229885965;-66524.87117348566;-59717.4462339218;-39156.27767518493;
-93563.26235094815;-187500.02235174447;8268.223198440457;21412.121821894863;-39633.80034372811;22595.62433905892;-32181.818149306557;-76093.63062305815;21605.196190499806;15479.141828911523;-152230.64598210406;-20179.84779832933;-32672.930678478562;-66623.5764770003;-59735.68525739733;-39205.83149264235;
-95024.23942378038;-187500.02235174447;8347.32602206779;21030.532840553864;-41706.16468264636;22117.788746093363;-32077.167281766808;-77075.25218430188;21287.846122723357;15343.578498790086;-152264.2853575093;-20252.02158117552;-32608.825875380742;-66538.79631028132;-59733.2489172517;-39169.8451840693;
-93574.97466504273;-187500.02235174447;8260.914178003572;21443.48131936566;-39650.6088555585;22636.34921745649;-32191.56350988907;-76102.68307956256;21566.79589352559;15466.177817127445;-152384.67185314558;-20177.299699461426;-32664.437015585547;-66608.35493902623;-59727.7950916046;-39220.29307130493;
-94993.90810655453;-187500.02235174447;8353.919786682103;21027.470651563486;-41647.78192612909;22071.364172859692;-32062.05750251502;-77043.78092810881;21335.544745390984;15380.391821907977;-152119.40134995;-20255.91078471074;-32625.924959889053;-66550.82154879827;-59741.74258014472;-39186.631344155234;
-93632.44100003732;-187500.02235174447;8261.49532335941;21450.38800840235;-39737.93712114538;22675.978860375748;-32179.247698694195;-76148.63826616267;21530.228439596707;15450.48689251982;-152522.35859899028;-20171.443542414134;-32643.94046592003;-66585.62321491519;-59708.170259972845;-39194.49915820351;
-94917.12986435054;-187500.02235174447;8356.333775083278;21031.091634165245;-41529.13886656033;22052.253431350404;-32057.25187745713;-76983.7217907574;21378.12481857834;15429.073921331636;-151972.30451968964;-20240.130453125294;-32635.782079193843;-66563.71850534898;-59741.74258014472;-39186.161957521676;
-93738.32121352211;-187500.02235174447;8263.819904782762;21447.705799067713;-39888.90080319653;22677.81170342108;-32199.788951848623;-76224.07540369933;21467.889424310855;15446.396523284498;-152650.12117029683;-20169.32012669088;-32619.97939586394;-66565.73016234997;-59699.45307963528;-39174.22612598254;
-94828.77341851871;-187500.02235174447;8358.36778382871;21044.681494794073;-41378.53281242047;22038.864736421674;-32059.710569347215;-76927.64126391904;21422.291865622028;15468.189474128423;-151873.6439196639;-20249.629944518798;-32641.973512407963;-66575.78844735485;-59757.522911730164;-39210.43595200014;
-93882.06528211418;-187500.02235174447;8269.16197170758;21431.344322126428;-40094.67096265208;22657.650429922396;-32180.298230683595;-76330.80498347343;21417.24037137513;15427.419892241944;-152767.84780834292;-20181.814751841397;-32605.339003245714;-66547.64760108561;-59693.90984701036;-39170.40397768068;
-94691.93603896332;-187500.02235174447;8349.784713957872;21073.045858507856;-41173.65672274312;22056.768483730375;-32059.35294143593;-76834.99328315178;21471.711572612712;15504.242837934833;-151793.7811367251;-20243.48321479359;-32667.722722020477;-66596.37440399818;-59761.367411776475;-39212.17938806765;
-94023.55182451628;-187500.02235174447;8266.97150075096;21407.852638703902;-40310.588814090355;22642.317133226054;-32172.206899190773;-76425.24110379709;21362.836225370913;15403.14589776348;-152845.45306509174;-20191.13542927926;-32602.63444216662;-66536.78465328034;-59686.04203296209;-39155.56241936236;
-94498.99578082512;-187500.02235174447;8338.117103352202;21113.726033416515;-40903.93822240093;22087.07744921177;-32065.90200256133;-76698.71469720778;21512.995244621667;15531.93664931496;-151711.43731015176;-20247.886508451284;-32680.03853321535;-66608.26553204842;-59769.03406012465;-39233.43589704465;
-94191.43577712009;-187500.02235174447;8261.003584981392;21362.813873626455;-40557.843811254956;22585.230777887202;-32167.982419488722;-76538.51974469659;21298.798477506458;15378.491923629275;-152876.09730673998;-20190.174304267683;-32595.727753129933;-66518.23270538244;-59681.8399050045;-39145.79470703539;
-94284.73195847655;-187500.02235174447;8320.07924557677;21161.447007828596;-40618.32763175102;22134.70901664603;-32089.617203428414;-76543.57123894349;21543.0359891696;15547.31464950021;-151667.73964974162;-20242.54444152647;-32700.020992758396;-66636.54048878438;-59783.540342276145;-39255.34060661085;
-94383.43726199119;-187500.02235174447;8280.851934057706;21311.047233467965;-40835.519532623235;22517.68380614326;-32133.046642905076;-76670.66325791637;21255.793721174447;15363.963289733327;-152868.49771362517;-20202.04308057345;-32581.892023312095;-66507.68268199953;-59685.84086726199;-39142.41959362264;
-94078.26889494287;-187500.02235174447;8304.678893647062;21225.39534871523;-40336.852113825335;22205.944026225094;-32105.15166582485;-76403.69402214218;21580.251643687683;15567.297109043255;-151696.08166171095;-20231.01094138753;-32707.4194201731;-66645.16826214413;-59782.9591969203;-39270.67390330719;
-94526.13079859386;-187500.02235174447;8288.83150682825;21266.50020676854;-41050.297445094286;22435.407034803276;-32137.89697145188;-76756.80688104712;21227.764633627492;15345.746618002251;-152807.2539338176;-20208.458031232123;-32581.422636678537;-66508.73321398893;-59687.36078588496;-39144.65476806817;
-93922.09725643364;-187500.02235174447;8304.231858757956;21276.491436540062;-40112.865282638704;22266.69606765462;-32111.54426473907;-76307.84974191782;21594.199132227797;15565.106638086634;-151738.5723279205;-20214.783574912977;-32706.637109117164;-66648.11869241223;-59775.47136252777;-39269.75748178452;
-94737.26537671869;-187500.02235174447;8314.580716440763;21212.990130542534;-41327.86140774029;22366.630717114298;-32107.00686061464;-76915.48191493534;21218.44395618963;15348.115902914513;-152774.2180555127;-20196.94688283764;-32557.461566622445;-66485.75562068887;-59673.32389036702;-39122.83946547979;
-93768.69723423687;-187500.02235174447;8286.283407960345;21342.920821061234;-39898.48970156786;22358.338219921377;-32145.854192477967;-76206.79750523539;21623.345806997517;15580.954024905448;-151853.70616360978;-20194.532894436466;-32689.672135075587;-66642.28488710939;-59759.37810651995;-39252.77015599849;
-94841.55861634716;-187500.02235174447;8319.185175798557;21173.8969294902;-41478.10983396886;22284.84568415233;-32120.708479965746;-76973.43998830796;21205.97168278357;15358.017725708214;-152636.39719920125;-20223.970141884107;-32577.73459884341;-66503.3464435752;-59696.48029762272;-39140.430288366115;
-93658.23491313875;-187500.02235174447;8271.888884531127;21393.927501908245;-39752.421051552425;22438.670389493753;-32156.292457138596;-76150.40405397463;21606.917274822867;15575.65666146954;-151963.09560097405;-20193.169438024695;-32685.157082695616;-66635.51230853943;-59758.34992627501;-39241.102545392816;
-94926.87522493306;-187500.02235174447;8327.656486947119;21131.585077236305;-41604.4195418858;22209.25208440448;-32094.40047674185;-77031.46511691394;21213.079537520356;15366.958423490338;-152511.83092735184;-20234.363703055824;-32598.16409327556;-66516.3998623371;-59717.37917868843;-39157.39526240769;
-93584.04947329158;-187500.02235174447;8272.82765779825;21433.06540644949;-39660.24245741874;22511.760593862607;-32170.843442779;-76116.71997508049;21595.339071195016;15557.484693227374;-152089.42766063544;-20180.585405896356;-32688.50984436391;-66625.45402353455;-59748.33634475903;-39229.45728653161;
-95005.70982762692;-187500.02235174447;8343.347411554743;21107.825172880315;-41700.643801765895;22147.740083663473;-32085.21390977072;-77089.46789377545;21247.031837347968;15383.923397531915;-152397.3229405073;-20229.24515357556;-32594.654869396076;-66505.00047266489;-59712.32768444153;-39147.38168089172;
-93544.08455420549;-187500.02235174447;8262.054116970792;21483.110962284918;-39616.61185224198;22577.94410919477;-32199.476027426248;-76095.5081695924;21583.98438501172;15549.058085567724;-152253.06478179275;-20172.628184870267;-32672.126015678172;-66604.95747386903;-59738.21100452078;-39219.98014688255;
-95007.72148462791;-187500.02235174447;8350.455266291532;21088.021527292913;-41695.279383096626;22093.04536498134;-32084.319839992506;-77082.06946636074;21286.92970120069;15415.394653724989;-152233.86463330564;-20242.991476415573;-32607.93180560253;-66521.87603972865;-59731.170205017355;-39173.220297482054;
-93550.2759874196;-187500.02235174447;8257.449657612999;21501.34998576045;-39640.10353566451;22623.832240561514;-32215.502228200705;-76106.59463484224;21558.995134710687;15523.621800377585;-152389.03044331438;-20174.10340000432;-32653.03762591334;-66592.59695918525;-59726.00695204818;-39218.728449193055;
-94946.54476005373;-187500.02235174447;8351.662260492118;21087.485085425986;-41609.76160881062;22065.038629178838;-32064.53854614956;-77033.07444251471;21345.446568184685;15435.891203390504;-152081.2916256537;-20232.843784432866;-32622.706308687488;-66538.43868237003;-59737.808673120584;-39178.048274284396;
-93595.91824959735;-187500.02235174447;8258.723707046951;21514.716328944724;-39721.41918199291;22666.00998234868;-32197.66553612537;-76144.90552483863;21530.831936697;15501.605332089108;-152516.88242159874;-20150.23173692605;-32639.894800173617;-66572.56979615329;-59710.18191697382;-39188.57594592285;
-94862.09986950159;-187500.02235174447;8350.879949436183;21091.128419772198;-41482.42372064874;22039.132957355137;-32061.923392048287;-76972.88119469657;21399.627196744346;15479.030070189247;-151936.1170454165;-20218.00222611454;-32635.849134427208;-66552.09559823222;-59741.83198712254;-39174.67316087164;
-93668.38260512146;-187500.02235174447;8254.052192455792;21517.93498014629;-39844.53259045274;22679.1528080884;-32204.28165248414;-76192.20181610607;21481.993375062153;15483.343956869121;-152643.43799870467;-20141.4027978662;-32630.037680868827;-66554.44253140004;-59690.71354755325;-39159.9433612756;
-94692.09250117451;-187500.02235174447;8363.776905986895;21122.64437945418;-41252.334863225806;22050.286477838337;-32050.792223309545;-76838.59191400908;21446.85643277841;15507.550896114219;-151773.79867718206;-20209.508563221523;-32656.345684092725;-66572.43568568655;-59751.28677502713;-39197.87427161625;
-93799.3414758851;-187500.02235174447;8275.800439810806;21498.19838979225;-40042.345528882215;22670.927366128846;-32180.678210339334;-76281.11705554927;21435.47939485066;15463.115628137068;-152705.57584829043;-20118.134631888228;-32594.92309032954;-66514.07528091375;-59665.97016644123;-39133.300081884874;
-94556.68563326426;-187500.02235174447;8356.020850660903;21152.46160655756;-41055.88538120811;22063.921041956073;-32053.094452988444;-76745.07221520809;21502.042889838565;15547.381704733576;-151698.02626347856;-20202.534818951466;-32654.98222768095;-66569.99934554093;-59749.36452500398;-39201.31644026237;
-93974.10976578115;-187500.02235174447;8285.746966093417;21472.382124946373;-40301.06697095239;22642.272429737142;-32160.44988160728;-76405.54921693198;21381.70109769119;15440.518014492753;-152783.22580852816;-20137.08891118633;-32580.796787833788;-66499.43488829552;-59670.12759090991;-39140.229122666016;
-94381.91734336822;-187500.02235174447;8350.07528663579;21197.209798957087;-40806.90929972044;22116.179420492583;-32066.30433396153;-76627.45733588426;21543.952410692265;15571.253367811843;-151650.61821348887;-20200.679624161676;-32669.332047621258;-66589.0653835613;-59761.657984454396;-39223.28820506194;
-94152.05200338984;-187500.02235174447;8292.698358619018;21423.297694122517;-40555.98861646517;22592.85272274646;-32149.899858224377;-76529.51199168111;21333.689550601193;15414.277066502222;-152809.60086698545;-20150.8575857708;-32578.226337221426;-66489.57776899073;-59674.553236312066;-39128.31564287134;
-94193.87211726572;-187500.02235174447;8330.405751515122;21238.806395388412;-40539.9177122018;22158.066589601825;-32082.554052180538;-76498.73363956614;21590.153466481384;15584.37384180711;-151638.36945752735;-20185.547493165435;-32678.83153901476;-66598.5201714659;-59762.86497865498;-39231.08896387684;
-94335.20219745663;-187500.02235174447;8291.670178374074;21369.072362073945;-40822.309651650154;22521.528306189575;-32151.352721613974;-76653.67593213034;21285.49918955555;15388.103173745058;-152809.28794256307;-20157.540757362935;-32577.421674421035;-66477.8878066406;-59670.842846732485;-39117.855026466255;
-94021.71898147094;-187500.02235174447;8326.74006542445;21292.89761697026;-40298.09418893984;22236.07417775085;-32079.335400978973;-76393.32281271492;21608.973635312752;15598.075461158212;-151662.97872817263;-20192.834161857863;-32680.150291937625;-66602.16350581212;-59754.41601925088;-39228.652623731214;
-94505.16486229478;-187500.02235174447;8301.2590767454;21322.93836151819;-41063.708491767466;22464.956040973193;-32120.77553519911;-76766.619296863;21253.603250217828;15383.632824853996;-152780.49889570463;-20157.093722473826;-32564.904697526064;-66464.45440822297;-59658.97407042672;-39110.81422696284;
-93848.22474100886;-187500.02235174447;8316.324152508278;21345.89360307379;-40054.92956101055;22314.439393811153;-32113.22064557322;-76276.64670665821;21618.540181939625;15608.42431884102;-151716.2652869541;-20172.67288835918;-32693.114303721704;-66612.71352919503;-59754.661888439885;-39222.7070597061;
-94705.30238214761;-187500.02235174447;8331.1657108266;21271.149369615243;-41327.503779829;22397.185551784703;-32097.261500032128;-76915.41485970198;21233.173755785676;15390.51716214623;-152727.05587471198;-20161.094684731328;-32560.07672072372;-66455.82663486322;-59660.94102393878;-39097.02320063391;
-93710.89562307544;-187500.02235174447;8294.26298073089;21413.32881609545;-39862.43633776144;22407.132078067312;-32140.288608108596;-76200.15903713215;21642.09892059552;15613.22994389891;-151841.07742799254;-20153.830367783354;-32700.691545092053;-66616.08864260776;-59749.34217325952;-39228.04912663092;
-94810.31087759863;-187500.02235174447;8336.753646940428;21237.130014554266;-41480.12149096984;22311.243094354046;-32087.49378770516;-76978.37972383258;21231.407967973708;15384.348080676566;-152606.8705447758;-20183.401725697724;-32576.214680220448;-66472.21046354895;-59685.48323935071;-39119.75492474496;
-93606.82590089153;-187500.02235174447;8287.713919605485;21463.15085448633;-39719.4745802253;22472.645041065818;-32151.151555913875;-76140.1222515252;21634.56638271408;15596.71200474644;-151954.0207927252;-20147.16954793567;-32677.84806225873;-66600.26360753342;-59742.12255980046;-39221.947100394624;
-94901.72951242085;-187500.02235174447;8336.239556817956;21189.163170953176;-41603.23489942967;22233.21315446057;-32068.114825262408;-77041.88102983011;21239.96868610009;15392.104136002557;-152495.06711901035;-20178.61845238429;-32580.059180266762;-66471.31639377074;-59691.22763767572;-39119.4867038115;
-93518.4694550597;-187500.02235174447;8277.230951455946;21500.277102026594;-39608.74403819371;22545.154100078835;-32155.711311782758;-76091.32839337927;21607.6995858788;15580.328176060699;-152088.53359085723;-20134.585515807335;-32668.303867376315;-66592.26168301841;-59732.511309684676;-39212.514664234484;
-94945.74009725334;-187500.02235174447;8338.877062663681;21144.794958209393;-41658.62252218992;22153.216261055026;-32069.34417120745;-77061.01412308385;21250.9657443721;15404.866982086538;-152329.86537574118;-20191.962443824108;-32597.717058386454;-66489.91304515756;-59706.851507049985;-39140.67615755513;
-93484.45009999874;-187500.02235174447;8260.690660559017;21520.81835518102;-39580.714950646754;22609.99651074368;-32176.409027148373;-76065.91445993359;21577.435323886315;15547.135835544568;-152223.5381273673;-20126.807108736888;-32677.333972136257;-66591.47937196247;-59725.47051018125;-39198.79069313892;
-94955.75367876932;-187500.02235174447;8348.175388357091;21128.388777779197;-41660.90240012436;22116.80526933733;-32064.605601382926;-77058.19780328248;21297.03268969449;15425.207069540867;-152183.75202223685;-20184.98869955405;-32601.002764821384;-66499.88192318463;-59712.97588503073;-39142.19607617809;
-93481.94670461974;-187500.02235174447;8250.274747642845;21549.562698550548;-39595.332991520525;22666.14409281541;-32201.75590536069;-76062.27112558736;21563.711352790757;15540.07268429669;-152365.40464942512;-20118.134631888228;-32647.941428177528;-66574.69321187654;-59711.72418734124;-39193.69449540311;
-94884.98805582382;-187500.02235174447;8347.616594745707;21119.112803830245;-41561.951227420715;22070.64891703712;-32051.52983087657;-77000.28443339877;21349.22401299763;15453.3479158101;-152003.41814797142;-20188.766144366997;-32617.766573162866;-66518.702092016;-59725.96224855927;-39164.972503778044;
-93552.9805484987;-187500.02235174447;8248.754829019885;21544.377093836916;-39701.883757338976;22672.58139521854;-32178.711256827268;-76125.52656239588;21521.86888717042;15475.654956776496;-152488.0486712514;-20112.569047518857;-32638.576047250757;-66553.72727557746;-59695.586227844506;-39177.04244578391;
-94819.2739271252;-187500.02235174447;8354.009193659926;21118.241085796486;-41453.25469413456;22048.69950398201;-32040.935104004755;-76962.9123166695;21404.835153202435;15434.1924708119;-151885.6021029475;-20187.201522255127;-32629.41183202408;-66539.48921435943;-59739.44035046582;-39184.262059242974;
-93679.33495990455;-187500.02235174447;8251.3476313767;21534.721140232225;-39890.979515430874;22684.0031366352;-32181.572280117547;-76225.41650836664;21474.796113347544;15421.67549391693;-152639.57114691392;-20112.613751007768;-32626.193180822516;-66542.97608649445;-59693.4404603768;-39159.89865778669;
-94671.14891661989;-187500.02235174447;8336.910109151615;21143.56561226435;-41245.94226431158;22057.349629086213;-32054.43555765576;-76851.26535311525;21456.24416544964;15461.72981998084;-151767.69665094576;-20190.12960077877;-32655.98805618144;-66566.24425247243;-59759.556920475596;-39206.367934509275;
-93806.65049632198;-187500.02235174447;8249.045401697804;21508.54724747506;-40082.64572413513;22666.658182937885;-32176.163157959363;-76309.97315764107;21417.732109753146;15392.774688336218;-152710.53793555952;-20130.830422738843;-32623.443916254513;-66533.56600207878;-59695.72033831124;-39155.9423990181;
-94531.40581028532;-187500.02235174447;8339.234690574967;21168.08547593182;-41036.95345365447;22078.360268874203;-32050.34518842044;-76759.60084910404;21500.142991559864;15483.276901635756;-151689.53260058555;-20186.553321665924;-32671.90249823362;-66583.23157825846;-59764.72017344477;-39213.02875435695;
-93993.06404507924;-187500.02235174447;8255.214483167469;21476.561901159515;-40348.22915175309;22631.074205765035;-32175.872585281442;-76452.77845296603;21357.60591716837;15358.84474025306;-152811.34430305296;-20121.68855925662;-32599.88517759862;-66515.93047570354;-59680.141172425894;-39140.586750577306;
-94326.08268571887;-187500.02235174447;8307.852841359716;21215.784098599448;-40759.7694706642;22115.866496070208;-32073.501595676138;-76616.4826293567;21533.11181463144;15497.984349487348;-151647.3995622873;-20188.453219944622;-32700.870359047698;-66625.31991306781;-59780.58991200804;-39243.80710647191;
-94140.54085499536;-187500.02235174447;8260.467143114465;21425.44346159023;-40579.592058609975;22577.31826035002;-32161.902744996878;-76547.0134075896;21302.73238453059;15327.798167204639;-152799.9672651252;-20139.681713543145;-32600.332212487727;-66527.9557142205;-59692.09935570948;-39139.111535443255;
-94147.8722271767;-187500.02235174447;8312.993742584436;21256.77719793048;-40502.16561581679;22171.544691508378;-32076.899060833344;-76500.90175877832;21572.160312194865;15506.299198424722;-151635.26256504806;-20167.822559812375;-32699.305736935825;-66638.50744229644;-59776.65600498391;-39235.648719745725;
-94348.1215057518;-187500.02235174447;8280.136678235136;21377.051934844487;-40861.44755619139;22519.15902127731;-32142.61318953195;-76697.21713032927;21269.964727159113;15313.403643775422;-152817.826308945;-20134.563164062878;-32574.27007845284;-66505.6486732541;-59677.74953576917;-39120.49253231198;
-93964.11853600961;-187500.02235174447;8294.35238770871;21309.817887522924;-40242.05836559038;22229.21219220307;-32119.188561342784;-76385.2314812221;21604.1009550215;15518.97263753088;-151674.06519342246;-20169.655402857712;-32703.060830004317;-66649.9291837131;-59779.5617317631;-39245.81876347289;
-94508.27175477408;-187500.02235174447;8283.310625947788;21321.239628939587;-41091.26819268086;22433.663598735762;-32138.20989587425;-76802.58325369158;21244.72960766907;15298.450326734821;-152764.33858446343;-20156.333763162347;-32585.580061147222;-66513.51648730236;-59689.90888475286;-39124.67230852512;
-93797.15100492847;-187500.02235174447;8286.283407960345;21368.424161484738;-40009.51081627737;22318.12743164628;-32133.91836093883;-76275.9538025801;21623.256400019694;15525.409939934008;-151730.23512723864;-20156.64668758472;-32701.004469514428;-66650.89030872469;-59773.83968518254;-39247.472792562585;
-94690.17025115136;-187500.02235174447;8297.727501121462;21279.12894238579;-41340.73601254654;22359.90284203325;-32114.69586070727;-76930.2564180203;21227.854040605314;15299.903190124416;-152712.46018558266;-20164.290984188436;-32571.945497029486;-66494.40574579308;-59681.124649181926;-39105.472160038014;
-93656.46912532678;-187500.02235174447;8270.54777986381;21428.52800232506;-39821.10796226358;22397.29731050698;-32146.167116900342;-76189.36314456024;21644.33409504105;15536.496405183841;-151842.8432158045;-20168.247242957026;-32698.456370646523;-66648.96805870153;-59762.01561236568;-39233.59235925584;
-94821.26323238174;-187500.02235174447;8313.552536195819;21227.63052316076;-41510.25164249559;22287.662003953697;-32091.20417728474;-77019.46223014143;21245.511918725006;15310.02853036267;-152596.90166674874;-20172.941109292642;-32576.147624987083;-66500.79834470729;-59687.58430332951;-39111.82005546332;
-93576.42752843232;-187500.02235174447;8269.318433918766;21475.645479636845;-39694.70884736882;22482.077477225957;-32167.22246017724;-76151.74515864196;21647.530394498157;15518.771471830783;-151994.99154031178;-20141.514556588478;-32678.02687621437;-66632.6289335047;-59740.62499292195;-39216.76149568099;
-94895.09104431761;-187500.02235174447;8324.773111912384;21202.261293203985;-41607.682896576276;22216.96343624156;-32085.01274407062;-77060.25416377236;21257.827729919878;15320.377388045477;-152474.74938330048;-20192.23066475757;-32577.891061054597;-66506.45333605449;-59696.48029762272;-39134.238855152;
-93502.95734440773;-187500.02235174447;8253.2475296554;21522.74060520418;-39598.84221540001;22540.41553025431;-32176.7443033152;-76102.30309990681;21623.43521397534;15520.134928242556;-152108.18077423345;-20141.581611821846;-32676.439902358044;-66629.61144800323;-59737.40634172039;-39226.32804230786;
-94945.91891120898;-187500.02235174447;8328.014114858403;21164.978583452536;-41658.980150101204;22148.56709820832;-32059.48705190266;-77082.62825997213;21273.58570976087;15362.197501921357;-152321.93050645955;-20198.33269099387;-32599.147570031593;-66526.65931304208;-59713.28880945311;-39149.34863440378;
-93487.0205506111;-187500.02235174447;8244.463294084466;21555.93294572031;-39583.50891870367;22616.52322012463;-32173.682114324823;-76091.3060416348;21592.902731049388;15517.3633119301;-152269.26979652283;-20121.666207512168;-32667.499204575925;-66619.64256997616;-59725.224640992245;-39200.04239082842;
-94932.4631610469;-187500.02235174447;8336.954812640526;21157.580156037828;-41634.77321085611;22097.895693528142;-32045.651322084825;-77059.91888760554;21310.019053223023;15404.799926853173;-152160.19328358094;-20189.593158911845;-32613.45268648299;-66541.88085101615;-59725.11288226997;-39156.90352402968;
-93519.14000739336;-187500.02235174447;8256.175608179046;21577.681193075325;-39633.33095709455;22654.856461865482;-32157.141823427897;-76120.65388210463;21547.50633806066;15503.125250712068;-152407.1800598121;-20101.862561924765;-32637.637273983633;-66590.76411613991;-59703.3422831705;-39178.51766091796;
-94903.09296883261;-187500.02235174447;8345.806103444827;21156.23905137051;-41565.68396874476;22057.103759897203;-32031.480316100162;-77037.81301233925;21334.002475023568;15431.554964966175;-152029.14500583947;-20167.219062712084;-32609.429372481034;-66547.02175224088;-59725.358751458974;-39165.15131773369;
-93611.51976722715;-187500.02235174447;8243.658631284074;21575.423666885337;-39759.73007198931;22672.29082254062;-32161.612172318957;-76196.76157197494;21468.850549322433;15467.407163072487;-152564.8716169443;-20095.335852543816;-32625.16500057757;-66580.70583113501;-59696.65911157836;-39165.598352622794;
-94787.84737442105;-187500.02235174447;8330.137530581658;21159.770626994447;-41403.47735923259;22049.861794693687;-32034.944836490733;-76953.68104620946;21361.204548025675;15446.396523284498;-151902.07533861106;-20179.758391351508;-32637.32434956126;-66585.04206955935;-59749.87861512645;-39180.70813187458;
-93678.01620698169;-187500.02235174447;8239.478855070933;21560.35859112246;-39886.68798049545;22670.77090391766;-32177.839538793512;-76237.08411897231;21402.62233050136;15425.430586985422;-152644.9802690721;-20121.979131934542;-32627.042547111818;-66586.13730503766;-59709.511364640166;-39170.0463497694;
-94647.7913436641;-187500.02235174447;8328.371742769688;21168.174882909643;-41198.02012419941;22038.149480599106;-32045.874839529377;-76852.96408569385;21397.973167654654;15472.033974174736;-151759.42650549728;-20195.404612470225;-32648.79079446683;-66606.67855819208;-59767.82706592406;-39206.09971357581;
-93820.57563311764;-187500.02235174447;8234.047381168291;21527.16625060633;-40089.9100410831;22645.71459838326;-32175.537309114614;-76337.57756204339;21346.161824007253;15400.217819239835;-152740.73514231865;-20124.5495825469;-32604.22141602295;-66558.711714591;-59692.41228013185;-39153.1931344501;
-94479.88503931584;-187500.02235174447;8325.22014680149;21196.62865360125;-40959.70582481693;22062.065847166283;-32051.73099657667;-76733.29284588013;21440.66499956429;15499.236047176844;-151675.13807715633;-20184.698126876134;-32665.778120252864;-66617.13917459716;-59772.49858051522;-39225.21045508509;
-94013.98527788941;-187500.02235174447;8260.333032647733;21489.72707864369;-40369.75388166355;22625.128641739924;-32158.259410650662;-76475.30901137699;21297.189151905677;15381.084725986091;-152817.7592537116;-20112.926675430142;-32574.314781941746;-66523.61947579616;-59677.95070146927;-39121.632471279205;
-94307.73190352105;-187500.02235174447;8317.329981008766;21251.479834494574;-40711.89203404093;22128.070548542804;-32059.710569347215;-76616.81790552354;21508.837820152978;15530.59554464764;-151657.52490252553;-20161.56407136489;-32663.31942836278;-66619.50845950944;-59768.721135702275;-39211.21826305607;
-94196.733140556;-187500.02235174447;8274.928721777049;21454.523081126583;-40628.05064058908;22576.625356271907;-32140.467422064237;-76598.66828902582;21277.63137550728;15362.778647277195;-152839.84277723345;-20108.612788750266;-32569.30799118376;-66511.03544366783;-59671.06636417704;-39113.585843275294;
-94120.17841579657;-187500.02235174447;8304.410672713599;21299.22316065111;-40441.61474008736;22189.090810905793;-32088.34315399446;-76487.02132547156;21559.84450099999;15552.232033280377;-151662.4422863057;-20158.90421377471;-32674.51765233489;-66626.30338982385;-59761.2556530542;-39219.57781548236;
-94360.30320647993;-187500.02235174447;8276.739213077928;21396.587359498426;-40867.549582427695;22508.07255602748;-32129.02332890312;-76703.36386005448;21245.511918725006;15349.345248859556;-152809.15383209632;-20132.283286128437;-32566.62578184912;-66500.30660632928;-59668.36180309794;-39106.23211934949;
-93945.4771811339;-187500.02235174447;8299.247419744423;21348.08407403041;-40200.327658692324;22252.21213724758;-32107.83387515949;-76378.83888230787;21593.640338616413;15563.296146785755;-151687.40918486228;-20142.878013000252;-32681.580803582765;-66634.10414863875;-59759.10988558649;-39226.17158009668;
-94537.17256035478;-187500.02235174447;8292.206620241;21354.208452011164;-41125.60047216422;22431.942514412705;-32120.30614856555;-76830.25471332726;21233.330217996863;15342.393856333954;-152781.57177943847;-20126.941219203618;-32558.601505589668;-66490.27067306885;-59662.595053028475;-39099.034857634884;
-93758.43778353189;-187500.02235174447;8284.159992237092;21414.021720173565;-39960.828716853706;22323.93888520466;-32129.716232981234;-76255.72547384804;21615.008606315685;15568.191178821467;-151757.81717989652;-20126.78475699243;-32683.525405350378;-66640.69791325307;-59753.4548942393;-39230.820742943375;
-94690.3043616181;-187500.02235174447;8308.389283226643;21298.150276917255;-41340.08781195734;22347.09529246036;-32093.68522091928;-76935.62083668957;21213.593627642826;15341.119806900002;-152689.21437134914;-20132.149175661707;-32565.01645624834;-66492.86347542566;-59674.21796014524;-39099.9289274131;
-93629.44586628031;-187500.02235174447;8276.918027033571;21468.470569666693;-39777.54441232019;22409.948397868684;-32134.253637105663;-76180.37774328921;21616.908504594387;15575.924882403004;-151879.4553732223;-20117.620541765755;-32674.249431401426;-66631.53369802638;-59743.128388300946;-39212.581719467846;
-94785.09810985305;-187500.02235174447;8312.032617572859;21261.091084610354;-41476.85813627936;22267.54543394392;-32082.665810902814;-76987.83451173718;21200.897836792214;15355.80490300714;-152574.23699787105;-20147.37071363577;-32569.084473739207;-66499.92662667354;-59687.09256495149;-39109.85310195126;
-93518.31299284851;-187500.02235174447;8262.992890237914;21513.84461091097;-39632.97332918326;22480.06582022498;-32152.9396954703;-76109.54506511035;21591.27105370415;15552.634364680573;-151984.68738611788;-20107.4952015275;-32668.236812142946;-66630.37140731471;-59739.75327488819;-39214.414562513186;
-94894.55460245069;-187500.02235174447;8326.538899724354;21210.352624696807;-41611.5721001115;22194.879912719716;-32056.49191814565;-77068.03257084281;21192.650043088204;15356.006068707236;-152448.48608356548;-20152.89159451623;-32569.44210165049;-66501.82652495224;-59695.7426900557;-39111.10479964075;
-93480.53854471905;-187500.02235174447;8248.307794130778;21544.89118395939;-39581.16198553586;22555.659419972828;-32160.69575079629;-76099.33031789426;21548.467463072237;15539.2680214963;-152166.87645517307;-20095.31350079936;-32662.782986495855;-66614.21109607353;-59728.219774749254;-39197.91897510517;
-94902.98121011035;-187500.02235174447;8321.152129310623;21178.501388847995;-41631.68867012128;22128.00349330944;-32052.043920999044;-77063.7857393963;21189.72196456456;15373.149856704458;-152301.27749458284;-20166.52615863397;-32594.45370369598;-66520.8478594837;-59717.2450682217;-39146.241741924496;
-93444.08284951244;-187500.02235174447;8237.19897713649;21570.327469149528;-39554.384595678406;22605.637920574896;-32169.345875900493;-76080.13016940716;21480.741677372658;15495.905637253003;-152291.5544857448;-20101.326120057838;-32657.865602715687;-66604.4210320021;-59723.39179794691;-39197.49429196052;
-94877.90255283148;-187500.02235174447;8325.287202034855;21162.698705518094;-41592.86369000241;22079.88018749716;-32045.807784296012;-77041.50105017437;21196.8521710458;15373.976871249304;-152142.7142194169;-20172.002336025518;-32611.26221552637;-66535.39884512412;-59728.10801602698;-39159.33986417531;
-93467.19455327923;-187500.02235174447;8235.835520724717;21580.765733810156;-39602.060866601576;22649.559098429574;-32171.916326512855;-76102.16898944009;21419.609656287394;15460.813398458171;-152431.34229556826;-20096.721660700045;-32642.822878697265;-66587.03137481587;-59711.590076874505;-39189.17944302314;
-94827.90170048496;-187500.02235174447;8330.383399770666;21154.33915309181;-41501.42270343575;22038.998846888408;-32033.402566123317;-77000.9773374769;21232.145575540733;15400.754261106762;-151993.7174908778;-20170.99650752503;-32620.94052087552;-66545.97122025148;-59734.880594596936;-39170.40397768068;
-93579.60147614498;-187500.02235174447;8236.170796891547;21575.06603897405;-39753.15865911945;22664.95945035928;-32165.702541554278;-76192.76060971744;21364.669068416246;15425.587049196607;-152587.49158233305;-20082.148323315185;-32619.107677830183;-66562.60091812622;-59695.36271039995;-39161.50798338747;
-94754.07388854909;-187500.02235174447;8329.93636488156;21163.011629940465;-41376.275286230484;22029.901686895097;-32037.425880125273;-76954.53041249877;21270.00943064802;15418.702711904374;-151895.9509606303;-20162.346382420827;-32636.94436990552;-66572.43568568655;-59755.26538554018;-39190.87817560174;
-93675.62457032497;-187500.02235174447;8230.784026477817;21572.562643595058;-39905.105817926626;22661.696095668805;-32180.342934172506;-76254.98786628102;21304.654634553746;15387.611435367042;-152700.05496741;-20088.20564606257;-32617.051317340294;-66563.74085709343;-59701.2412191917;-39166.0453875119;
-94594.37067441591;-187500.02235174447;8318.201699042524;21188.33615640833;-41147.125202074676;22032.919172396563;-32056.357807678916;-76831.05937612765;21315.986968992587;15437.165252824458;-151772.815200426;-20162.771065565477;-32657.485623059947;-66594.65331967513;-59769.59285373603;-39212.53701597894;
-93848.02357530876;-187500.02235174447;8239.612965537664;21533.02240765362;-40144.336538831776;22641.467766936752;-32172.60923059097;-76379.59884161936;21262.342782299853;15350.798112249151;-152786.98090159666;-20086.75278267298;-32596.912395586063;-66533.74481603442;-59688.36661438544;-39139.49151509899;
-94445.57511157694;-187500.02235174447;8310.043312316337;21222.86960159178;-40924.36771683308;22070.22423389247;-32075.44619744375;-76729.04601443362;21393.838094930423;15457.482988534332;-151715.9523625317;-20148.89063225873;-32669.734379021455;-66604.75630816893;-59768.45291476881;-39213.25227180151;
-94043.91426371507;-187500.02235174447;8242.161064405569;21497.326671758496;-40422.05696368897;22603.38039438491;-32180.342934172506;-76515.72096535219;21224.702444637114;15321.584382246065;-152861.076934466;-20087.825666406832;-32589.87159608264;-66515.1034611587;-59679.224750903224;-39127.22040739303;
-94267.54346699042;-187500.02235174447;8294.128870264158;21267.528387013484;-40668.641408519914;22102.366042419202;-32096.233319787185;-76603.47391408372;21440.016798975088;15474.135038153534;-151691.65601630879;-20140.776949021452;-32693.13665546616;-66623.9788084005;-59774.48788577174;-39231.804219699414;
-94197.26958242293;-187500.02235174447;8256.890864001616;21459.284002695564;-40648.68130072133;22527.071538814493;-32164.18262293132;-76608.7265740307;21190.034888986935;15303.345358770533;-152860.80871353255;-20087.512741984458;-32575.968811031442;-66502.89940868609;-59676.162561912846;-39123.733535258005;
-94076.704272831;-187500.02235174447;8302.488422690443;21318.64682658277;-40395.592498253885;22152.322191276813;-32103.005898357143;-76474.32553462095;21476.24897673714;15493.78222152975;-151669.21486487566;-20118.134631888228;-32686.677001318578;-66621.94479965506;-59767.08945835703;-39217.78967592593;
-94353.39651744325;-187500.02235174447;8262.121172204157;21412.814725972978;-40877.13848079902;22464.598413061907;-32142.143802898387;-76707.11895312298;21149.60058326728;15291.45423072031;-152826.40937881582;-20078.88496862471;-32567.162223716048;-66485.73326894442;-59664.24908211817;-39101.11356986923;
-93856.87486611305;-187500.02235174447;8284.4058614261;21382.170484324753;-40103.142273800644;22244.769006343962;-32114.315881051527;-76317.28217807796;21492.543398445057;15505.069852479679;-151690.33726338594;-20090.21730306355;-32681.536100093857;-66621.60952348824;-59754.77364716216;-39215.68861194714;
-94515.06668508849;-187500.02235174447;8283.06475675878;21349.84986184238;-41110.44598942351;22408.3390722679;-32127.21283760224;-76811.65806194044;21103.041899566877;15279.965434070282;-152743.77497956457;-20083.712945427054;-32563.407130647556;-66480.72647818644;-59667.11010540845;-39095.54798549986;
-93714.11427427702;-187500.02235174447;8277.052137500303;21424.66115053429;-39896.47804456688;22339.33923713437;-32117.51218050864;-76227.87520025673;21499.964177604223;15506.2097914469;-151776.79381093907;-20067.083247552306;-32677.60219306972;-66614.27815130689;-59738.993315576714;-39208.111370576786;
-94658.27431181364;-187500.02235174447;8299.426233700065;21297.12209667231;-41303.6991719841;22335.04770219895;-32099.54137796657;-76901.24385371731;21095.822286107814;15285.039280061637;-152657.36313550035;-20079.39905874718;-32559.942610256985;-66474.0880100832;-59668.20534088676;-39106.187415860586;
-93571.75601384116;-187500.02235174447;8271.307739175289;21472.002145290633;-39705.661202151925;22411.06598509145;-32140.288608108596;-76134.95899855602;21485.547302430547;15508.579076359163;-151862.53510266962;-20063.216395761538;-32673.221251156483;-66614.725186196;-59734.455911452285;-39213.90047239071;
-94765.11565031;-187500.02235174447;8308.724559393473;21247.21065130361;-41449.70076676617;22250.06636977987;-32083.314011492017;-76966.10861612661;21076.55508238734;15290.40369873091;-152532.3498287618;-20084.785829160908;-32559.696741067975;-66473.35040251618;-59665.65724201885;-39097.35847680074;
-93486.0147221106;-187500.02235174447;8259.818942525262;21510.178924820295;-39584.87237511544;22488.40302090681;-32155.73366352721;-76079.88430021815;21461.608584118912;15486.607311559595;-151986.6766913744;-20047.72663685401;-32658.379692838156;-66599.43659298857;-59718.385007188925;-39194.7003239036;
-94871.26408472826;-187500.02235174447;8328.103521836225;21208.609188629292;-41577.48568981716;22180.932424179606;-32053.25091519963;-77039.17646875101;21081.494817911964;15302.630102947964;-152415.04787386034;-20082.327137270826;-32554.846412521176;-66464.38735298961;-59668.47356182022;-39099.616002990726;
-93448.9555298037;-187500.02235174447;8252.35345987719;21557.519919576636;-39539.341871659984;22558.073408374003;-32153.69965478178;-76067.97082042346;21444.263630421596;15476.191398643423;-152156.415838768;-20017.082395205784;-32645.12510837616;-66574.58145315427;-59691.875838264925;-39177.37772195074;
-94894.73341640634;-187500.02235174447;8329.399923014633;21199.444973402617;-41602.89962326284;22125.008359552427;-32046.25481918512;-77049.16769852253;21123.292580043388;15328.289905582657;-152273.02488959132;-20080.896625625686;-32564.323552170226;-66476.30083278428;-59673.32389036702;-39110.098971140265;
-93464.46764045568;-187500.02235174447;8241.803436494283;21591.673385104346;-39560.665435870345;22617.61845560294;-32166.8424805215;-76084.93579446504;21419.743766754123;15446.53063375123;-152307.04424465232;-20031.722787824012;-32634.46332627098;-66573.12858976467;-59690.9370649978;-39170.96277129206;
-94915.78875968323;-187500.02235174447;8342.207472587523;21181.943557494113;-41601.40205638434;22078.27086189638;-32032.284978900552;-77054.82268986973;21167.929013720634;15338.817577221105;-152138.1097600591;-20095.805239177374;-32584.97656404693;-66501.87122844114;-59698.84958253498;-39120.96191894554;
-93510.2216613557;-187500.02235174447;8241.15523590508;21607.476068434247;-39625.57490176856;22656.555194444085;-32183.248660951696;-76113.79189655685;21390.306519306483;15424.447110229386;-152477.1857234461;-20023.474994120003;-32620.627596453145;-66549.8604237867;-59679.358861369954;-39153.61781759475;
-94858.61299736655;-187500.02235174447;8337.044219618347;21170.298298632897;-41497.95818304517;22043.245678334915;-32027.14407767583;-77004.93359624548;21209.99499678552;15364.56678683362;-152002.74759563777;-20101.08025086883;-32596.241843252403;-66506.60979826568;-59701.732957569715;-39136.89871274218;
-93599.2933630101;-187500.02235174447;8232.952145689982;21587.493608891204;-39757.472545799326;22656.53284269963;-32172.16219570186;-76178.47784501051;21326.335826675397;15373.641595082474;-152610.4244721442;-20027.364197655224;-32614.659680683577;-66538.1034062032;-59670.10523916546;-39138.128058687216;
-94704.00598096919;-187500.02235174447;8326.248327046434;21182.211778427576;-41290.6457532222;22027.51005023838;-32043.080871472466;-76881.9990017413;21239.991037844546;15373.552188104653;-151857.57301540053;-20103.471887525546;-32634.776250693354;-66545.59124059574;-59726.275172981645;-39164.23489621102;
-93710.78386435317;-187500.02235174447;8239.210634137467;21565.03010571362;-39925.937643758974;22658.164520044866;-32163.467367108748;-76254.69729360311;21245.422511747183;15327.373484059988;-152684.1405253578;-20027.185383699583;-32603.21558752246;-66518.34446410471;-59663.645585017875;-39120.224311378515;
-94612.54264265808;-187500.02235174447;8329.914013137104;21193.722926822058;-41135.010556579895;22032.136861340627;-32044.82430753998;-76829.5841609936;21258.49828225354;15380.257711441245;-151784.6839767318;-20099.917960157152;-32637.056128627795;-66545.54653710683;-59726.565745659565;-39167.006512523476;
-93865.14501156152;-187500.02235174447;8234.069732912747;21542.611306024948;-40156.80881223784;22635.745720356193;-32166.79777703259;-76362.00801873303;21156.507272303974;15287.252102762712;-152802.2694948041;-20045.357351941748;-32591.92795657253;-66500.44071679602;-59663.89145420688;-39116.804494476855;
-94409.11941637033;-187500.02235174447;8312.747873395429;21230.938581340146;-40858.13949801201;22067.452617580013;-32070.77468285259;-76674.3959992404;21263.616831733805;15391.388880179988;-151684.72697552765;-20115.228905109037;-32672.394236611635;-66576.0119647994;-59753.58900470603;-39197.4495884716;
-94054.7995632648;-187500.02235174447;8248.508959830877;21489.458857710226;-40422.48164683362;22594.931434980805;-32157.342989127996;-76493.83860753043;21079.483160910986;15251.645773845408;-152838.56872779952;-20046.162014742138;-32572.01255226285;-66480.03357410831;-59658.817608215526;-39111.23891010749;
-94236.49689394199;-187500.02235174447;8294.821774342272;21268.958898658624;-40602.48024493221;22113.22899022448;-32097.283851776585;-76557.18345131677;21304.520524087016;15408.040929799192;-151677.64147253532;-20096.02875662193;-32668.594440054232;-66588.73010739447;-59752.33730701653;-39187.838338355825;
-94228.24910023798;-187500.02235174447;8244.73151501793;21428.438595347237;-40670.45189982079;22516.342701475944;-32177.07957948203;-76607.00548970765;21034.958485956013;15220.53214556362;-152844.60369880244;-20061.182387016106;-32576.25938370936;-66479.27361479684;-59667.065401919535;-39100.800645446856;
-94059.73929878943;-187500.02235174447;8283.176515481056;21303.581750819892;-40348.34091047537;22160.391171025178;-32106.045735603064;-76444.66476972876;21326.715806331136;15406.05162454267;-151681.62008304836;-20092.966567631553;-32685.22413792898;-66601.53765696737;-59755.69006868483;-39207.552576965405;
-94396.62479121982;-187500.02235174447;8249.403029609088;21378.19187381171;-40917.66219349649;22441.1961366172;-32159.309942640062;-76717.26664510569;20990.813790656783;15195.140563862393;-152817.1110531224;-20060.601241660268;-32572.34782842968;-66474.8926728836;-59664.67376526282;-39095.65974422214;
-93856.42783122395;-187500.02235174447;8264.177532694046;21355.1919287672;-40075.828442076265;22231.559125370877;-32140.914456953346;-76302.261805804;21347.033542041012;15407.459784443354;-151696.84162102244;-20081.388364003702;-32697.38348691267;-66622.39183454416;-59763.893158899926;-39221.47771376106;
-94578.94797074175;-187500.02235174447;8264.602215838697;21320.144393461276;-41163.35256854923;22363.724990335108;-32141.450898820272;-76843.97868442282;20982.990680097424;15185.126982346414;-152751.3969244238;-20059.416599204138;-32566.44696789348;-66465.21436753444;-59663.26560536213;-39082.58397371578;
-93712.75081786524;-187500.02235174447;8248.978346464437;21420.414319087784;-39869.70065470942;22312.56184727691;-32164.339085142507;-76209.70323201457;21388.026641372042;15397.446202927376;-151798.60911352743;-20070.88304410971;-32693.85191128873;-66620.44723277655;-59754.81835065107;-39219.13078059325;
-94716.4559026308;-187500.02235174447;8273.900541532104;21279.30775634143;-41350.59313185133;22281.202349806113;-32129.671529492323;-76926.03193831825;21001.185000084042;15132.019237520604;-152657.00550758906;-20076.82860813482;-32573.666581352543;-66476.6361089511;-59681.817553260036;-39103.54991001486;
-93590.82205186154;-187500.02235174447;8234.695581757496;21475.243148236652;-39698.8215683486;22396.760868640053;-32166.104872954475;-76132.38854794366;21414.1558306403;15331.441501550855;-151906.8586119245;-20054.700381124065;-32689.493321119946;-66621.83304093279;-59752.76199016118;-39214.258100301995;
-94811.60727877704;-187500.02235174447;8281.92481779156;21234.939543597644;-41484.077749738426;22212.001348972484;-32106.671584447813;-76983.14064540157;21008.44931703202;15116.440071635256;-152531.61222119478;-20089.25617805197;-32579.12040699964;-66491.41061203607;-59698.179030201325;-39118.25735786645;
-93493.90488790332;-187500.02235174447;8222.692694984997;21509.284855042086;-39574.232944754716;22474.097904455415;-32169.9940764897;-76077.1573873946;21386.305557048985;15311.816669919095;-152032.45306401886;-20048.665410121135;-32683.056018716816;-66620.4248810321;-59747.57638544755;-39224.741068451534;
-94885.07746280164;-187500.02235174447;8291.379605696155;21182.90468250569;-41578.737387506655;22135.75954863543;-32088.67843016129;-77036.04722452727;21015.02072990188;15129.538193886066;-152392.89729510515;-20094.30767229887;-32598.611128164666;-66505.8945424431;-59709.980751273724;-39130.77433476142;
-93445.46865766868;-187500.02235174447;8210.041607623292;21533.245925098174;-39527.6295575654;22541.287248288067;-32174.866756780957;-76053.24102082742;21353.962582822154;15295.410489488899;-152183.03676641427;-20026.29131392137;-32680.686733804556;-66614.50166875144;-59732.645420151406;-39210.74887642251;
-94873.27574172923;-187500.02235174447;8285.188172482034;21150.919336190145;-41577.977428195176;22085.66928931109;-32086.800883627046;-77015.50597137284;21028.78940448635;15151.778179619096;-152236.07745600672;-20086.97630011753;-32614.07853532774;-66522.68070252905;-59716.99919903269;-39150.242704182;
-93402.53095657003;-187500.02235174447;8201.078558096715;21548.288649116595;-39502.573252031005;22596.60781581495;-32196.726762858245;-76021.76976463434;21299.245512395562;15266.017945530171;-152283.48550599642;-20038.49536639397;-32683.212480928003;-66621.81068918832;-59733.78535911863;-39213.38638226824;
-94832.37204937602;-187500.02235174447;8288.943265550526;21126.108899844756;-41518.946471088704;22036.048416620306;-32075.312086977017;-76982.60420353463;21053.957468743025;15158.48370295569;-152062.71732601136;-20100.476753768537;-32636.474983271957;-66552.05089474331;-59731.952516073296;-39160.59156186481;
-93477.3645970064;-187500.02235174447;8189.008616090849;21537.760977478145;-39610.286308561124;22610.644711332883;-32209.221388008762;-76094.03295445835;21258.520633997996;15220.710959519263;-152449.11193241025;-20030.53814536788;-32662.961800451496;-66602.23056104548;-59717.960324044274;-39188.24066975602;
-94769.36248175651;-187500.02235174447;8258.231968668935;21101.14200128818;-41414.34030703787;21982.359526438657;-32111.566616483527;-76941.32053152568;21113.055481082854;15167.893787371373;-151940.69915302983;-20118.469908055056;-32663.90057371862;-66588.59599692775;-59761.68033619885;-39182.295105730904;
-93563.21764745923;-187500.02235174447;8163.795848345262;21503.518104972616;-39744.64264448197;22602.37456588442;-32224.554684705105;-76163.09984482525;21216.72287186657;15164.09399081397;-152579.84728572934;-20056.98025905851;-32670.315524377293;-66603.86223839072;-59726.23046949274;-39179.83641384082;
-94674.32286433254;-187500.02235174447;8239.143578904102;21076.800951576348;-41269.00926458946;21950.48593884539;-32113.198293828762;-76884.5918040981;21172.66758354516;15173.369964762924;-151821.69846554977;-20136.41835885267;-32682.7654460389;-66609.718395438;-59776.968929406285;-39201.09292281782;
-93718.78578886818;-187500.02235174447;8147.747295826352;21447.705799067713;-39968.093033801684;22561.426170042298;-32257.948190921332;-76287.35319225231;21165.00093519699;15113.601400089432;-152708.86155472536;-20084.741125672;-32661.084253917248;-66598.16254355462;-59723.81648109156;-39174.85197482729;
-94528.12010385038;-187500.02235174447;8223.497357785387;21085.428724936097;-41062.725015011434;21949.033075455794;-32135.661797006345;-76781.72907611479;21214.621807887772;15181.550703233564;-151745.59077567945;-20153.13746370524;-32704.04430676035;-66642.9777911875;-59787.1613248779;-39218.28141430395;
-93857.0536800687;-187500.02235174447;8132.950440996939;21405.48335379164;-40186.5366323634;22522.578838178975;-32253.8131181971;-76372.8709665383;21112.697853171572;15078.84443746143;-152776.38617472484;-20108.188105605615;-32662.335951606747;-66598.00608134342;-59722.564783402064;-39163.56434387736;
-94352.61420638731;-187500.02235174447;8211.069787868237;21111.84848688227;-40813.05602944565;21974.5364158793;-32144.84836397748;-76654.346484464;21255.05611360742;15196.146392362882;-151674.53458005603;-20164.536853377445;-32726.217237260014;-66663.74256178648;-59798.04662442763;-39229.25612083151;
-94022.76951346034;-187500.02235174447;8151.658851106031;21366.61367018386;-40428.06958294744;22498.573064633976;-32237.8092691671;-76476.4042468553;21057.779617044882;15055.620974972366;-152808.5056315071;-20115.474774298047;-32645.147460120617;-66575.90020607713;-59711.97005653025;-39138.57509357633;
-94183.21033516055;-187500.02235174447;8218.62467749413;21159.792978738904;-40563.722320046705;22044.69854172451;-32142.702596509767;-76537.87154410739;21290.930663458188;15222.253229886679;-151642.8845099073;-20154.18799569464;-32728.519466938913;-66668.30231765537;-59797.085499416055;-39230.93250166565;
-94241.32487074434;-187500.02235174447;8176.3798804736;21324.234762696597;-40722.48676091275;22450.785034988527;-32206.27095774066;-76631.72651907522;21012.87496243417;15032.889250861319;-152844.11196042443;-20107.003463149485;-32625.03089011084;-66550.03923774234;-59698.91663776835;-39128.069773682335;
-94011.8395104217;-187500.02235174447;8217.171814104535;21220.165040512686;-40314.50036937003;22118.95103680504;-32155.778367016123;-76423.94470261868;21316.54576260397;15237.318305649556;-151683.67644353825;-20136.597172808313;-32727.71480413852;-66675.23135843652;-59791.38580457996;-39241.43782155965;
-94452.1465244468;-187500.02235174447;8202.442014508488;21264.93558465667;-41007.091523062176;22381.271109732523;-32175.537309114614;-76779.13627375798;20973.781761381837;15030.944649093706;-152817.7592537116;-20119.140460388717;-32606.724811401942;-66532.73898753393;-59696.569704600544;-39125.65578528116;
-93867.6037034516;-187500.02235174447;8211.114491357148;21278.793666218957;-40095.22975626347;22208.35801462627;-32162.953276986278;-76333.12956489678;21336.70703610266;15255.110294235981;-151767.94252013476;-20121.822669723355;-32717.09772552225;-66663.80961701986;-59777.035984639646;-39244.34354833884;
-94602.64081986438;-187500.02235174447;8219.228174594424;21229.97745632857;-41223.43405764509;22318.4180043242;-32167.065997966052;-76869.03498995722;20944.255106956378;15035.63851542932;-152752.82743606897;-20140.240507154525;-32602.88031135563;-66534.72829279045;-59704.43751864881;-39132.65188129567;
-93683.3582739065;-187500.02235174447;8206.085348854704;21343.524318161526;-39859.41885225998;22295.730983702062;-32159.958143229265;-76206.95396744656;21332.57196337843;15263.358087939989;-151812.02016020063;-20128.59524829331;-32719.891693579164;-66678.18178870462;-59782.333348075554;-39252.94896995413;
-94730.67161210437;-187500.02235174447;8246.027916196337;21183.865807517268;-41401.085722575874;22246.557145900388;-32126.810506202044;-76953.412825276;20923.42328112403;15062.371201797869;-152636.9336410682;-20134.004370451497;-32604.06495381176;-66528.00041770941;-59701.71060582526;-39136.20580866406;
-93566.90568529436;-187500.02235174447;8209.058130867259;21394.86627517537;-39696.1170072695;22397.23025527361;-32180.70056208379;-76131.38271944318;21322.156050462254;15297.757422656707;-151927.57867903457;-20099.962663646063;-32696.690582834555;-66658.7804745174;-59762.52970248815;-39239.649682003226;
-94817.28462186869;-187500.02235174447;8252.040535454815;21141.106920374266;-41518.36532573287;22169.555386251854;-32115.902854907854;-76994.0706484402;20926.99956023688;15096.144687669837;-152507.0476540384;-20137.446539097615;-32595.504235685377;-66532.13549043363;-59711.92535304134;-39138.53039008741;
-93469.89911435833;-187500.02235174447;8201.503241241366;21433.803014016514;-39573.249467998685;22455.43419783523;-32181.84050105101;-76063.00873315439;21300.944244974165;15293.26472202119;-152043.7406949688;-20105.17062010415;-32695.595347356244;-66663.47434085302;-59761.74739143222;-39239.04618490293;
-94859.35060493358;-187500.02235174447;8266.882093773138;21108.629835680706;-41579.83262298496;22097.94039701705;-32098.40143899935;-77011.50500911534;20939.2930196873;15122.98913276066;-152346.33861140473;-20153.830367783354;-32603.5955671782;-66546.3064964183;-59723.548260158095;-39146.46525936905;
-93444.01579427908;-187500.02235174447;8193.434261493;21464.424903920284;-39543.70046182877;22528.300884759534;-32192.815207578566;-76060.48298603094;21277.653727251738;15278.31140498059;-152189.25055137285;-20096.02875662193;-32674.18237616806;-66642.7766254874;-59745.47532146875;-39220.65069921621;
-94913.21830907087;-187500.02235174447;8275.06283224378;21078.991422532967;-41631.53220791009;22044.40796904659;-32080.363581223915;-77054.62152416963;20970.071371802256;15124.821975805997;-152231.07066524873;-20157.786626551944;-32612.133933560126;-66556.70005759002;-59739.46270221027;-39166.023035767445;
-93466.45694571221;-187500.02235174447;8184.247694521868;21485.614357663915;-39584.17947103733;22565.18126311079;-32204.03578329513;-76079.21374788448;21238.292305265943;15207.255209357168;-152368.08685875975;-20097.235750822514;-32672.52834707837;-66639.5803260303;-59745.229452279746;-39212.46996074557;
-94895.60513444009;-187500.02235174447;8286.59633238272;21066.31798342681;-41588.236878900156;22003.50427669338;-32073.90392707633;-77036.7401286054;21005.700052464017;15107.208801175215;-152088.86886702405;-20159.84298704183;-32618.16890456306;-66571.51926416389;-59748.04577208111;-39175.16489924966;
-93518.08947540396;-187500.02235174447;8180.827877620206;21496.38789849137;-39669.85370753452;22613.70690032326;-32205.600405407004;-76121.74911758293;21195.958101267588;15158.304889000046;-152505.03599703743;-20095.17939033263;-32655.518669547877;-66622.23537233297;-59730.454949194784;-39204.535091463935;
-94789.70256921084;-187500.02235174447;8287.177477738556;21071.190663718065;-41439.48601955009;22000.889122592107;-32062.750406593135;-76952.87638340908;21068.530806127885;15121.55862111552;-151928.7186180018;-20156.356114906805;-32644.92394267606;-66588.99832832794;-59755.64536519592;-39183.25623074248;
-93614.98428761773;-187500.02235174447;8200.251543551867;21487.58131117598;-39813.26249995977;22632.23649647671;-32204.169893761864;-76190.77130446093;21164.464493330062;15125.201955461736;-152614.2242687016;-20069.810160375855;-32624.203875565992;-66584.6173864147;-59704.99631226019;-39170.11340500276;
-94676.11100388897;-187500.02235174447;8288.83150682825;21092.782448861893;-41264.80713663187;21992.417811443545;-32063.219793226697;-76870.68901904691;21121.683254442603;15152.336973230478;-151804.8452502305;-20154.009181738995;-32646.443861299023;-66598.63193018817;-59760.4062867649;-39202.27756527395;
-93752.84984741805;-187500.02235174447;8194.440089993488;21469.968136545198;-40012.95298492348;22616.836144547004;-32193.597518634502;-76285.36388699578;21108.02633858041;15090.959082956206;-152712.75075826058;-20073.654660422166;-32613.005651593885;-66566.89245306164;-59689.68536730831;-39155.69652982909;
-94549.08604014946;-187500.02235174447;8283.69060560353;21113.949550861067;-41065.18370690152;22016.35652975518;-32068.20423224023;-76776.85639582353;21169.024249198945;15165.345688503468;-151719.08160675547;-20150.03057122595;-32670.583745310756;-66619.35199729825;-59764.34019378903;-39217.76732418148;
-93949.27697769129;-187500.02235174447;8204.85600290966;21428.57270581397;-40278.983447430546;22601.61460657294;-32184.969745274753;-76422.96122586266;21055.20916643252;15060.918338408273;-152795.3628057674;-20083.78000066042;-32604.042602067308;-66553.16848196609;-59681.79520151558;-39143.51482910095;
-94368.41688971722;-187500.02235174447;8272.82765779825;21159.412999083164;-40803.19891014086;22061.507053554902;-32089.617203428414;-76651.17253675134;21219.092156778832;15195.878171429416;-151678.73670801363;-20132.484451828535;-32679.636201815156;-66630.84079394827;-59765.74835368972;-39215.62155671377;
-94093.5574881503;-187500.02235174447;8208.76755818934;21394.03926063052;-40496.28710702504;22541.55546922153;-32188.79189357661;-76509.39542167133;21014.886619435147;15043.461625988679;-152804.77289018309;-20089.88202689672;-32595.951270574486;-66536.73994979143;-59683.31512013854;-39133.32243362933;
-94187.34540788477;-187500.02235174447;8262.121172204157;21191.867732032268;-40534.35212783243;22104.19888546454;-32110.024346116108;-76521.77828809957;21250.697523438637;15209.713901247253;-151627.95354461117;-20136.954800719595;-32700.646841603142;-66647.51519531193;-59774.21966483828;-39231.603053999315;
-94301.02638018447;-187500.02235174447;8222.044494395792;21330.292085443984;-40770.54301149166;22482.36804990388;-32167.55773634407;-76646.36691169345;20970.183130524532;15016.460718686667;-152804.6611314608;-20090.88785539721;-32597.001802563886;-66530.03442645483;-59682.24223640469;-39124.02410793592;
-94002.9435161285;-187500.02235174447;8243.502169072886;21240.147500055733;-40264.27599957895;22183.547578280875;-32136.77938422911;-76389.63477487979;21294.26107338203;15220.263924630157;-151659.06717289297;-20110.98207366253;-32699.305736935825;-66652.11965466973;-59771.20217933681;-39224.38344054025;
-94472.88894330132;-187500.02235174447;8227.811244465262;21258.58768923136;-41014.82522664371;22407.2885402785;-32170.955201501278;-76763.69121833936;20934.018007995845;15002.200305724182;-152748.06651449998;-20109.998596906495;-32593.671392640044;-66525.56407756377;-59691.71937605374;-39123.17474164662;
-93836.75829610327;-187500.02235174447;8232.080427656225;21280.134770886278;-40041.80908701528;22248.613506390277;-32172.542175357605;-76289.56601495338;21307.515657844026;15241.63219232943;-151712.5101938856;-20108.232809094527;-32712.247396975446;-66655.07008493782;-59768.89994965791;-39222.640004472734;
-94652.06052685506;-187500.02235174447;8242.853968483683;21206.262255461486;-41266.32705525483;22336.43351035518;-32156.292457138596;-76888.70452507789;20919.735243288906;15034.45387297319;-152704.36885408984;-20105.3941375487;-32596.755933374876;-66514.92464720305;-59692.41228013185;-39115.01635492043;
-93668.71788128828;-187500.02235174447;8222.647991496086;21340.730350104615;-39816.3470406946;22347.430568627187;-32195.676230868845;-76175.75093218696;21329.55447787696;15282.871160849472;-151798.9890931832;-20083.534131471413;-32709.162856240615;-66657.41701810564;-59761.32270828757;-39223.86935041778;
-94779.82309816159;-187500.02235174447;8263.149352449102;21150.338190834307;-41436.110906137335;22262.046904807914;-32135.482983050704;-76967.9191074275;20911.018062951334;15064.382858798846;-152579.80258224043;-20105.08121312633;-32590.45274143848;-66509.98491167843;-59690.17710568632;-39111.46242755204;
-93601.64029617791;-187500.02235174447;8215.495433270387;21376.739010422112;-39702.10727478353;22420.453717762677;-32199.364268703972;-76148.41474871812;21310.30962590094;15276.098582279514;-151942.4649408418;-20064.69161089559;-32694.72362932249;-66637.61337251823;-59746.481149969244;-39211.84411190082;
-94905.28343978923;-187500.02235174447;8269.49724787441;21108.763946147435;-41582.80540499752;22181.49121779099;-32128.35277656946;-77055.9402770925;20914.2367141529;15068.942614667729;-152490.12738348573;-20112.680806241133;-32591.391514705603;-66511.41542332356;-59703.05171049258;-39126.035764936896;
-93532.26048138863;-187500.02235174447;8204.297209298278;21415.38517658534;-39601.72559043474;22488.805352307005;-32220.33020500305;-76112.42844014507;21283.152256387744;15261.16761698337;-152080.2410936643;-20063.618727161735;-32687.347553652235;-66632.47247129351;-59740.22266152176;-39203.43985598563;
-94982.73223432688;-187500.02235174447;8275.509867132887;21066.049762493345;-41669.03843510609;22113.5195629024;-32124.329462567504;-77114.03246093183;20919.064690955245;15087.628673032365;-152368.0645070153;-20107.27168408295;-32593.17965426203;-66511.23660936793;-59701.4423848918;-39125.87930272571;
-93517.01659167011;-187500.02235174447;8180.537304942287;21434.361807627894;-39582.21251752526;22548.618620469406;-32227.303949273104;-76112.1155157227;21243.52261346848;15239.195852183802;-152241.57598514273;-20056.510872424948;-32688.867472275197;-66628.53856426937;-59733.763007374175;-39206.0550100869;
-94971.10932721011;-187500.02235174447;8263.931663505038;21039.182965658067;-41649.10067905196;22055.4050273186;-32109.64436646037;-77087.45623677448;20941.975229021937;15110.159231443315;-152208.56245858222;-20122.761442990475;-32631.334082047237;-66545.54653710683;-59732.17603351785;-39158.691663586105;
-93517.53068179259;-187500.02235174447;8176.75986012934;21457.607621861414;-39602.262032301674;22595.646690803373;-32233.24951329822;-76108.65099533212;21197.746240824014;15218.29697111809;-152374.85943732972;-20058.008439303452;-32679.859719259708;-66616.6250844747;-59730.186728261324;-39205.876196131256;
-94918.73918995133;-187500.02235174447;8282.595370125218;21037.77480575738;-41565.169878622284;22025.051358348293;-32098.692011677267;-77039.35528270666;20978.185055039532;15143.32922021499;-152038.66684897745;-20120.682730756133;-32636.340872805224;-66552.87790928816;-59741.63082142244;-39175.678989372136;
-93566.30218819407;-187500.02235174447;8175.441107206477;21458.747560828633;-39680.87311755099;22628.973141786235;-32230.120269074476;-76140.01049280292;21156.551975792885;15201.711976732253;-152505.41597669316;-20040.90935479514;-32655.943352692528;-66586.87491260469;-59705.53275412712;-39180.95400106359;
-94815.78705499019;-187500.02235174447;8276.202771211001;21024.117889895188;-41412.66392620372;21997.849285346187;-32092.947613352255;-76955.67035146599;21024.900200951124;15177.639147953887;-151882.18228604583;-20115.07244289785;-32656.07746315926;-66578.94004332305;-59753.2537285392;-39190.56525117937;
-93686.6663320859;-187500.02235174447;8182.593665432176;21430.13732792584;-39851.752203911805;22628.012016774657;-32234.03182435415;-76231.2950171584;21086.88158832569;15166.105647814948;-152630.0269520315;-20027.565363355323;-32639.961855406986;-66578.04597354484;-59701.95647501427;-39164.056082255374;
-94701.61434431247;-187500.02235174447;8275.196942710512;21040.50171858093;-41234.20759847255;22008.35460524018;-32098.624956443902;-76877.19337668341;21055.790311788358;15198.403918552867;-151790.85305820144;-20101.147306102193;-32670.04730344383;-66598.29665402135;-59764.384897277945;-39200.04239082842;
-93796.07812119462;-187500.02235174447;8172.781249616296;21416.279246363552;-40024.35237459569;22620.457127148766;-32218.698527657813;-76293.56697721088;21025.25782886241;15135.03672302207;-152710.47088032615;-20036.237840203983;-32635.89383791612;-66558.66701110208;-59698.55900985706;-39157.43996589661;
-94530.48938876265;-187500.02235174447;8272.671195587063;21066.49679738245;-40994.1275112781;22022.682073436034;-32086.711476649223;-76749.54256409915;21096.917521586125;15217.268790873146;-151670.77948698754;-20094.397079276692;-32687.369905396692;-66606.67855819208;-59767.514141501684;-39210.39124851123;
-94000.61893470514;-187500.02235174447;8191.355549258656;21373.542710965005;-40306.90077625523;22591.198693656766;-32206.025088551654;-76452.01849365456;20963.410551954574;15102.447879606234;-152796.45804124573;-20017.127098694695;-32602.96971833345;-66523.7535862629;-59674.15090491187;-39121.81128523484;
-94367.63457866128;-187500.02235174447;8259.997756480903;21108.831001380804;-40751.5216769602;22068.19022514704;-32103.765857668623;-76644.01997852564;21137.32947556132;15235.150186437391;-151648.36068729887;-20087.870369895743;-32703.239643959958;-66631.93602942658;-59779.87465618547;-39223.86935041778;
-94182.7856520159;-187500.02235174447;8203.403139520065;21328.21337320964;-40563.14117469086;22544.930582634282;-32192.301117456096;-76573.00848639113;20915.644874053585;15071.64717574682;-152822.1178438804;-20038.048331504862;-32605.093134056704;-66524.67000778556;-59685.37148062843;-39123.9347009581;
-94172.0791664218;-187500.02235174447;8243.457465583977;21158.116597904755;-40468.39212994482;22126.595333408754;-32133.471326049726;-76503.44985764622;21183.08349646133;15257.97131752626;-151627.6406201888;-20079.443762236093;-32718.23766448947;-66637.88159345169;-59778.578255007065;-39231.7595162105;
-94355.94461631116;-187500.02235174447;8211.293305312789;21279.084238896878;-40809.34563986607;22468.845244508415;-32190.110646499474;-76681.61561269946;20877.490446268373;15062.371201797869;-152797.061538346;-20044.95502054155;-32595.750104874387;-66504.75460347589;-59684.20918991676;-39121.297195112376;
-93988.8842688661;-187500.02235174447;8234.87439571314;21209.39149968523;-40211.05649603087;22190.67778476212;-32141.60736103146;-76377.52012938501;21206.35166243931;15267.157884497392;-151645.7008297087;-20076.359221501258;-32721.724536624497;-66648.96805870153;-59782.758031220204;-39239.89555119223;
-94528.47773176167;-187500.02235174447;8225.799587464284;21221.662607391194;-41046.94468342599;22400.58301694191;-32164.719064798246;-76791.40738146394;20854.736370412873;15050.323611536458;-152755.0626105145;-20053.5827939013;-32593.134950773117;-66500.73128947393;-59679.29180613659;-39111.79770371887;
-93802.56012708666;-187500.02235174447;8225.397256064089;21267.662497480214;-39951.15041150456;22275.860282881295;-32171.13401545692;-76246.2036307101;21233.62079067478;15277.417335202377;-151706.296408927;-20054.901546824163;-32715.510751665923;-66646.26349762244;-59768.47526651326;-39236.76630696849;
-94666.36564330646;-187500.02235174447;8243.077485928236;21170.81238875537;-41237.67211886312;22316.294588600947;-32145.74243375569;-76874.42176037094;20850.623649433095;15047.931974879739;-152638.8335393469;-20062.85876785025;-32595.861863596663;-66497.445583039;-59687.60665507396;-39109.6295845067;
-93671.84712551202;-187500.02235174447;8207.895840155583;21312.991835235578;-39760.042996411685;22349.956315750638;-32178.13011147143;-76165.55853671534;21247.098892581333;15269.705983365297;-151803.70531126324;-20043.30099145186;-32708.961690540516;-66634.68529399458;-59757.61231870799;-39220.29307130493;
-94811.33905784358;-187500.02235174447;8240.127055660136;21102.0807745553;-41425.270310076514;22227.625218346744;-32129.20214285876;-76966.89092718255;20840.520660939295;15054.54809123851;-152540.08353234336;-20073.945233100087;-32603.68497415602;-66507.68268199953;-59696.636759833906;-39117.96678518853;
-93580.49554592319;-187500.02235174447;8186.348758500667;21342.920821061234;-39629.799381470606;22425.25934282057;-32201.62179489396;-76108.15925695411;21232.30203775192;15255.713791336275;-151943.4260658534;-20045.49146240848;-32712.58267314228;-66641.12259639772;-59746.65996392488;-39217.968489881576;
-94883.57989592313;-187500.02235174447;8244.686811529018;21061.087675224266;-41523.26035776858;22159.988839624984;-32124.709442223248;-76999.14449443156;20845.326285997187;15057.02913487305;-152416.85836516123;-20092.83245716482;-32617.54305571831;-66519.3502926052;-59702.91760002585;-39126.84042773729;
-93519.78820798256;-187500.02235174447;8180.984339831393;21372.872158631344;-39547.74612757518;22490.92876803026;-32209.735478131235;-76068.5072622904;21202.931845537645;15237.541823094109;-152064.81838999013;-20043.502157151957;-32701.764428825907;-66626.90688692415;-59736.266402753165;-39206.56910020937;
-94943.43786757444;-187500.02235174447;8255.549759334297;21023.380282328162;-41585.37585560988;22088.977347490472;-32115.0311368741;-77032.22507622541;20856.725675669393;15074.463495548189;-152275.86356113717;-20103.628349736733;-32626.88608490063;-66523.1053856737;-59714.22758272023;-39127.22040739303;
-93468.62506492437;-187500.02235174447;8173.5188571833205;21409.774888727057;-39495.06306589402;22552.932507149282;-32217.647995668412;-76030.06226182726;21179.171941181656;15218.565192051554;-152209.70239754944;-20036.751930326456;-32692.130826965673;-66609.80780241583;-59724.330571214035;-39199.59535593932;
-94947.39412634303;-187500.02235174447;8269.318433918766;20989.897369134113;-41583.18538465326;22042.999809145906;-32096.568595954013;-77028.73820409039;20897.271740111322;15097.4634405927;-152104.76095733177;-20105.88587592672;-32626.059070355783;-66527.06164444228;-59720.48607116772;-39147.47108786954;
-93521.19636788325;-187500.02235174447;8165.80750534624;21411.250103861108;-39578.32331399004;22604.408574629855;-32235.596446466025;-76078.45378857301;21141.911583174657;15194.045328384082;-152369.15974249362;-20018.71407255102;-32668.214460398493;-66589.28890100586;-59708.460832650766;-39178.22708824004;
-94907.18333806793;-187500.02235174447;8272.626492098152;20986.611662699182;-41510.60927040688;22029.678169450544;-32079.558918423525;-76994.58473856268;20933.74978706238;15119.256391436624;-151971.94689177835;-20097.325157800336;-32661.12895740616;-66553.59316511074;-59740.37912373294;-39170.76160559197;
-93638.90065418491;-187500.02235174447;8179.844400864173;21408.165563126277;-39735.232560066295;22645.692246638806;-32219.99492883622;-76173.31459204134;21092.84950409526;15171.090086828483;-152529.08647407134;-20001.23500838697;-32640.543000762824;-66559.51637739138;-59692.12170745394;-39151.00266349348;
-94828.84047375209;-187500.02235174447;8268.334957162733;20996.960520381992;-41385.014818312506;22005.27006450535;-32109.73377343819;-76936.29138902323;20985.874055132157;15156.539101188077;-151894.14046932943;-20091.625462964235;-32654.5575445363;-66563.60674662671;-59747.06229532508;-39178.78588185142;
-93720.68568714688;-187500.02235174447;8165.271063479312;21395.17919959774;-39871.42173903248;22641.512470425663;-32216.485704956736;-76220.94615947558;21034.2655818779;15141.742246358663;-152635.97251605662;-20016.925932994596;-32637.279646072348;-66557.4153134126;-59694.401585388376;-39149.68391057062;
-94672.91470443187;-187500.02235174447;8256.44382911251;21007.331729809255;-41162.6149609822;22018.144669311605;-32094.623994186404;-76814.45202999735;21037.037198190355;15178.779086921108;-151747.91535710281;-20087.870369895743;-32674.540004079343;-66586.13730503766;-59754.88540588444;-39184.396169709704;
-93850.79519162122;-187500.02235174447;8171.61895890462;21359.46111195816;-40067.088909994236;22628.86138306396;-32228.063908584587;-76300.3619075253;20983.750639408903;15098.22339990418;-152706.06758666845;-20019.652845818146;-32635.670320471567;-66540.67385681557;-59683.29276839409;-39135.98229121951;
-94496.24651625712;-187500.02235174447;8258.276672157845;21041.216974403498;-40915.24820509532;22045.92788766955;-32125.91643642383;-76682.82260690005;21089.720259871516;15200.795555209585;-151649.5900332439;-20078.326175013324;-32694.5671671113;-66597.55904645432;-59757.76878091917;-39206.39028625373;
-94035.08532465521;-187500.02235174447;8190.95321785846;21329.956809277155;-40324.04456425245;22602.19575192878;-32227.214542295285;-76431.76781317804;20948.837214569714;15079.559693284;-152776.8108578695;-20013.684930048577;-32604.959023589974;-66503.03351915283;-59662.57270128402;-39105.472160038014;
-94319.19834842662;-187500.02235174447;8243.368058606155;21091.061364538833;-40652.25757983418;22100.64495809614;-32150.45865183576;-76560.2232885627;21157.334286848818;15223.996665954193;-151618.49875670657;-20071.195968532083;-32703.619623615697;-66610.5230582384;-59765.0554496116;-39211.82176015637;
-94202.00815224745;-187500.02235174447;8195.691787682985;21285.11920989981;-40560.63777931187;22540.773158165593;-32210.249568253705;-76536.0163493176;20916.94127523199;15043.282812033036;-152772.7651921231;-20029.129985467196;-32611.150456804095;-66510.76722273436;-59680.7893730151;-39120.47018056753;
-94150.1744568556;-187500.02235174447;8241.199939393991;21129.439309768597;-40400.04049540049;22148.835319141785;-32139.036910419098;-76451.43734829871;21205.368185683274;15218.185212395814;-151610.25096300256;-20061.02592480492;-32708.64876611814;-66624.20232584505;-59765.30131880061;-39218.28141430395;
-94396.06599760843;-187500.02235174447;8204.76659593184;21230.491546451038;-40825.37184064053;22478.188273690736;-32194.04455352361;-76668.85276661548;20891.057955152744;14973.34420363238;-152783.56108469501;-20042.652790862656;-32593.78315136232;-66499.41253655107;-59679.96235847025;-39117.74326774398;
-93972.36632971362;-187500.02235174447;8220.77044496184;21180.825970271348;-40152.87490521371;22214.191819929103;-32167.311867155062;-76325.68643399316;21225.507107437505;15163.870473369418;-151654.26154783508;-20064.91512834014;-32716.136600510672;-66642.44134932058;-59782.17688586437;-39233.03356564445;
-94565.91690372431;-187500.02235174447;8204.945409887483;21167.683144531627;-41070.70458778198;22382.14282776628;-32190.200053477296;-76768.51919514171;20858.491463481365;14937.827281692897;-152719.99272346412;-20063.149340528173;-32608.17767479154;-66518.32211236026;-59701.4423848918;-39125.052288180865;
-93818.31810692765;-187500.02235174447;8205.079520354215;21219.47213643457;-39933.492533384866;22274.07214332487;-32190.08829475502;-76227.18229617862;21242.561488456904;15157.902557599851;-151718.09812999942;-20062.00940156095;-32728.787687872376;-66664.34605888677;-59784.03208065416;-39239.493219792035;
-94709.19158568283;-187500.02235174447;8213.886107669605;21111.55791420435;-41271.17738380163;22304.761088462008;-32165.724893298735;-76865.23519339981;20851.74123665586;14929.467729266613;-152638.72178062462;-20066.323288240827;-32609.96581434796;-66520.66904552806;-59707.38794891691;-39127.68979402659;
-93662.0570614406;-187500.02235174447;8187.0193108343265;21269.02595389199;-39732.61740596502;22365.870757802815;-32186.22144296425;-76129.30400720883;21251.72570368358;15148.291307484069;-151814.30003813506;-20037.44483440457;-32734.107403052738;-66660.1886344181;-59773.52676076016;-39233.52530402247;
-94835.90362499996;-187500.02235174447;8231.633392767118;21055.991477488456;-41443.19640912967;22231.02268350395;-32135.103003394965;-76952.78697643125;20849.416655232508;14933.6251537353;-152519.43052046665;-20063.97635507302;-32612.424506238047;-66522.12190891766;-59704.28105643762;-39133.07656444032;
-93588.07278729354;-187500.02235174447;8179.687938652985;21302.710032786137;-39623.295023834115;22435.92112492575;-32198.738419859223;-76093.96589922499;21237.711159910104;15138.121263756904;-151957.68647881586;-20029.040578489374;-32721.05398429084;-66656.50059658296;-59757.20998730779;-39215.37568752476;
-94931.52438777976;-187500.02235174447;8229.934660188515;20998.97217738297;-41562.89000068784;22136.22893526899;-32134.253637105663;-77009.49335211437;20859.69845768195;14939.14603461576;-152404.2743330329;-20090.329061785826;-32636.095003616218;-66547.1558627076;-59723.1459287579;-39139.26799765444;
-93523.20802488424;-187500.02235174447;8163.840551834172;21324.212410952143;-39547.947293275276;22496.96373903319;-32208.170856019362;-76049.17300333656;21212.185467742143;15109.667493065297;-152097.29547468372;-20051.660543878144;-32727.267769249414;-66666.13419844321;-59760.69685944282;-39230.552522009915;
-94981.34642617064;-187500.02235174447;8247.413724352566;20960.638935642117;-41615.95304202474;22082.5623968318;-32101.530683223093;-77040.53992516278;20882.519588770818;14958.882624969796;-152263.2348255199;-20099.4932770125;-32637.234942583436;-66550.5086243759;-59732.91364108487;-39152.27671292743;
-93512.92622243479;-187500.02235174447;8157.179731986491;21353.850824099878;-39537.26315942564;22566.2764985891;-32221.023109081165;-76053.77746269434;21185.63159532924;15089.595626544433;-152261.26787200785;-20042.026942017907;-32705.161893983117;-66644.56476504383;-59744.91652785737;-39204.959774608586;
-94949.65165253302;-187500.02235174447;8244.150369662091;20939.96357202096;-41564.253457099614;22038.037721876826;-32100.45779948924;-77011.88498877108;20911.263932140344;14971.578415820411;-152108.02431202226;-20125.73422500303;-32660.212535883493;-66581.59990091324;-59757.07587684106;-39166.291256700904;
-93541.04471695957;-187500.02235174447;8153.290528451268;21353.247326999586;-39588.001619339186;22608.476592120718;-32233.584789465047;-76079.19139614003;21138.178841850622;15067.60151000041;-152404.74371966647;-20059.550709670868;-32703.105533493228;-66638.5297940409;-59741.98844933372;-39198.2989547609;
-94872.6945963734;-187500.02235174447;8248.955994719981;20927.75951954836;-41453.2323423901;22000.419735958545;-32107.096267592464;-76949.0095316183;20964.036400799323;15041.561727709977;-151950.57862407906;-20138.675885042656;-32672.461291845;-66601.47060173399;-59768.31880430208;-39183.12212027575;
-93618.4488080083;-187500.02235174447;8151.547092383754;21348.41935019724;-39717.08294356858;22626.402691173877;-32230.366138263482;-76133.32732121079;21102.55016118886;15079.22441711717;-152534.6520584407;-20054.812139846345;-32663.744111507433;-66608.8690291487;-59723.72707411374;-39173.24264922651;
-94774.77160391469;-187500.02235174447;8249.2465673979;20939.270667942845;-41311.45522731009;21992.440163188003;-32099.988412855677;-76872.70067604788;21027.91768645259;15082.465420063189;-151820.06678820454;-20127.678826770643;-32682.005486727416;-66613.11586059521;-59771.93978690384;-39190.699361646104;
-93732.08507681907;-187500.02235174447;8158.252615720346;21338.159899492253;-39887.64910550703;22622.96052252776;-32222.543027704127;-76208.742107003;21060.55123335734;15057.677335462253;-152626.16010024073;-20048.68776186559;-32651.115375890182;-66592.4181452296;-59709.39960591789;-39157.57407636334;
-94623.89732884137;-187500.02235174447;8245.692640029507;20974.184092782034;-41093.637477593125;22010.79094538581;-32098.53554946608;-76760.04788399315;21079.55021614435;15119.189336203259;-151712.44313865222;-20118.17933537714;-32694.991850255952;-66628.35975031373;-59772.94561540433;-39201.4505507291;
-93852.69508989992;-187500.02235174447;8167.819162347218;21321.530201617505;-40071.04516876282;22620.680644593318;-32216.485704956736;-76287.73317190805;21020.273389848877;15029.111806048371;-152687.56034225947;-20058.567232914833;-32641.571181007766;-66580.83994160175;-59700.972998258236;-39148.968654748045;
-94463.27769318553;-187500.02235174447;8243.166892906058;21002.570808240274;-40853.66914912095;22053.281611595346;-32110.69489844977;-76655.4417199423;21136.03307438291;15130.767539831108;-151623.86317537585;-20119.542791788914;-32702.792609070853;-66644.60946853274;-59775.270196827674;-39218.52728349296;
-94047.8481707392;-187500.02235174447;8176.916322340528;21272.579881260383;-40338.327328959385;22592.405687857354;-32182.689867340312;-76428.66092069876;20971.837159614224;15005.821288325942;-152745.6078226099;-20065.451570207068;-32626.997843622907;-66561.2598134589;-59691.674672564826;-39133.3894888627;
-94282.005045653;-187500.02235174447;8231.231061366923;21040.859346492212;-40595.75236985116;22108.22219946649;-32104.905796635845;-76530.11548878139;21179.7977900264;15163.490493713678;-151592.54838139398;-20110.713852729066;-32721.5233709244;-66662.5355675859;-59783.182714364855;-39238.0627081469;
-94214.05574250886;-187500.02235174447;8183.599493932664;21219.583895156848;-40588.666866858825;22539.5214604761;-32187.94252728731;-76534.83170686147;20914.147307175077;14988.096354972882;-152749.4970261451;-20070.92774759862;-32614.436163239025;-66552.56498486579;-59694.6921580663;-39126.16987540363;
-94070.6022465947;-187500.02235174447;8226.514843286854;21087.37332670371;-40313.04750598044;22175.2327293435;-32126.36347131294;-76381.81166432044;21197.500371635007;15184.121153845927;-151566.48624735908;-20110.579742262333;-32723.87030409221;-66675.29841366988;-59794.17977263687;-39247.048109417934;
-94403.06209362294;-187500.02235174447;8201.77146217483;21158.563632793863;-40851.881009564524;22476.847169023415;-32152.962047214754;-76665.03061831363;20874.495312511364;14982.82134328143;-152709.68856927022;-20080.002555847474;-32605.696631157;-66540.15976669309;-59698.53665811261;-39129.6343957942;
-93915.23527088587;-187500.02235174447;8209.773386689829;21128.880516157213;-40091.3629044727;22254.2014425041;-32144.22251513273;-76289.56601495338;21224.791851614937;15191.877209171917;-151621.31507650795;-20083.64589019369;-32724.630263403687;-66677.39947764868;-59784.568522521084;-39247.07046116239;
-94577.0704242075;-187500.02235174447;8206.845308166183;21102.483105955496;-41100.65592535209;22398.28078726301;-32142.859058720955;-76785.93120407239;20850.37778024409;14964.694078528177;-152671.35532752937;-20067.39617197468;-32599.12521828714;-66531.53199333334;-59698.55900985706;-39126.34868935927;
-93759.46596377683;-187500.02235174447;8194.19422080448;21179.7977900264;-39876.584992001655;22328.968027707106;-32154.660779793358;-76194.72756322952;21236.414758731695;15163.311679758035;-151694.96407448818;-20072.090038310296;-32723.6244349032;-66681.60160560628;-59786.78134522216;-39236.38632731275;
-94724.54723412362;-187500.02235174447;8215.115453614648;21044.815605260803;-41302.06749463886;22321.435489825668;-32133.56073302755;-76884.50239712029;20840.3194952392;14913.687397681166;-152569.72194549107;-20086.082230339318;-32611.664546926564;-66540.47269111547;-59713.266457708654;-39126.08046842581;
-93622.20390107679;-187500.02235174447;8180.76082238684;21235.09600580883;-39689.23266997727;22411.647130447287;-32176.27491668164;-76107.28753892035;21248.797625159936;15121.37980715988;-151807.9297909653;-20052.129930511706;-32726.641920404665;-66672.2362246795;-59772.25271132621;-39228.07147837537;
-94815.31766835663;-187500.02235174447;8226.716008986952;21013.366700812185;-41426.34319381037;22245.64072437772;-32117.713346208737;-76932.04455757672;20867.968603130415;14912.681569180677;-152439.38892357217;-20078.97437560253;-32612.111581815672;-66531.82256601127;-59710.338379185014;-39123.107686413256;
-93514.44614105775;-187500.02235174447;8169.920226326017;21282.124076142798;-39550.584799121;22490.39232616333;-32190.580033133036;-76031.26925602785;21257.894785153247;15113.243772178146;-151910.97133290427;-20040.86465130623;-32716.89655982215;-66658.06521869484;-59755.578309962555;-39210.43595200014;
-94905.1046258336;-187500.02235174447;8236.349610847188;20957.353229207187;-41538.191323064726;22171.231767086003;-32113.913549651334;-76988.169787904;20887.74989697336;14926.897278654253;-152307.08894814123;-20079.421410491635;-32619.64411969711;-66536.27056315787;-59715.501632154184;-39129.05325043837;
-93493.61431522541;-187500.02235174447;8161.560673899731;21302.531218830492;-39525.68495579779;22545.55643147903;-32215.32341424506;-76032.65506418409;21230.111566795298;15085.818181731485;-152082.0962884541;-20032.370988413215;-32708.64876611814;-66644.18478538809;-59745.27415576865;-39203.3057455189;
-94940.24156811733;-187500.02235174447;8239.590613793209;20930.10645271617;-41583.29714337554;22103.550684875332;-32104.145837324362;-77008.30870965823;20912.314464129744;14938.408427048735;-152186.7248042494;-20087.378631517724;-32633.748070448408;-66544.04897022831;-59728.309181727076;-39138.195113920585;
-93472.7601376486;-187500.02235174447;8145.981508014383;21322.826602795914;-39521.34871737346;22597.0324989596;-32232.7577749202;-76021.70270940098;21194.974624511557;15061.36537329738;-152223.29225817826;-20033.645037847167;-32700.80330381433;-66635.95934342853;-59743.24014702322;-39197.87427161625;
-94906.06575084517;-187500.02235174447;8243.055134183782;20904.60311229266;-41536.73845967513;22055.919117441073;-32111.857189161445;-76977.57506103218;20935.135595218613;14962.883587227296;-152019.44434874586;-20104.477716026035;-32656.815070726287;-66573.10623802022;-59751.242071538225;-39162.51381188796;
-93526.78430399708;-187500.02235174447;8151.547092383754;21323.161878962743;-39608.56522423807;22629.28606620861;-32240.893809901932;-76071.72591349196;21142.068045385844;15034.4985764621;-152368.17626573757;-20036.39430241517;-32683.6148123282;-66620.46958452101;-59731.21490850627;-39187.771283122456;
-94864.20093348037;-187500.02235174447;8250.945299976504;20894.410716821043;-41458.08267093691;22029.275838050347;-32101.575386712004;-76950.82002291919;20983.169494053065;14987.224636939125;-151895.68273969684;-20108.50103002799;-32665.644009786134;-66582.49397069144;-59756.49473148522;-39169.241686969006;
-93636.352555317;-187500.02235174447;8143.187539957469;21310.30962590094;-39760.22181036733;22656.756360144183;-32236.356405777504;-76158.09305406727;21106.41701297963;15011.342169206402;-152519.0952442998;-20010.06394744682;-32667.633315042654;-66593.468677219;-59711.1430419854;-39160.61391360926;
-94750.27409199168;-187500.02235174447;8238.58478529272;20905.340719859687;-41294.22203233505;22031.108681095684;-32116.9310351528;-76864.76580676626;21025.235477117956;15036.711399163176;-151776.79381093907;-20092.966567631553;-32689.33685890876;-66609.15960182663;-59770.21870258078;-39185.75962612148;
-93745.00438511424;-187500.02235174447;8147.99316501536;21284.918044199712;-39937.605254364644;22649.380284473933;-32240.089147101542;-76231.16090669167;21037.417177846095;15011.58803839541;-152598.2204196716;-20031.901601779653;-32655.69748350352;-66587.45605796052;-59713.557030386575;-39154.198962950584;
-94594.4824331382;-187500.02235174447;8227.163043876059;20922.99859797938;-41078.03595996332;22039.088253866226;-32117.601587486457;-76753.65528507892;21070.006021261936;15073.971757170173;-151672.14294339932;-20097.526323500435;-32702.747905581942;-66626.54925901286;-59781.77455446417;-39207.194949054116;
-93904.97582018087;-187500.02235174447;8157.09032500867;21251.658648450215;-40167.22472515401;22625.79919407358;-32217.960920090787;-76343.21020164611;20983.97415685346;14982.19549443668;-152673.76931593052;-20033.510927380434;-32644.92394267606;-66563.98672628246;-59704.124594226436;-39151.78497454941;
-94422.59751827687;-187500.02235174447;8213.282610569311;20954.894537317105;-40833.99961400028;22064.546890800822;-32144.915419210844;-76632.21825745323;21114.396585750175;15104.660702307308;-151607.7922711125;-20094.061803109864;-32712.225045230993;-66635.95934342853;-59783.62974925396;-39216.33681253634;
-94061.05805171229;-187500.02235174447;8163.706441367441;21208.542133395928;-40404.13086463581;22578.14527489487;-32219.011452080187;-76444.8435836844;20931.00052249438;14968.002136707562;-152708.9509617032;-20056.197948002573;-32634.060994870782;-66557.32590643477;-59707.20913496127;-39145.21356167955;
-94241.50368469999;-187500.02235174447;8218.892898427594;20994.568883725275;-40579.79322431007;22113.60896988022;-32137.22641911822;-76514.98335778515;21157.334286848818;15138.501243412644;-151559.89248274476;-20101.72845145803;-32720.361080212726;-66651.56086105834;-59791.922246446884;-39240.00730991451;
-94252.92542611665;-187500.02235174447;8175.306996739745;21155.859071714767;-40670.78717598762;22514.152230519325;-32197.374963447448;-76577.36707655991;20895.0812691547;14965.789314006486;-152722.83139500994;-20051.325267711316;-32618.347718518704;-66537.09757770272;-59700.74948081368;-39133.03186095141;
-94051.84913299671;-187500.02235174447;8199.066901095737;21046.78255877287;-40311.63934607975;22173.556348509355;-32155.26427689365;-76386.9302138007;21191.040717487424;15155.488569198676;-151576.70099457516;-20082.88593088221;-32732.363966985224;-66661.9320704856;-59791.855191213515;-39244.70117625012;
-94414.17091061723;-187500.02235174447;8176.491639195877;21109.590960692283;-40911.42605679346;22448.080473909435;-32186.51201564217;-76681.1462260659;20864.88406239558;14942.252927095047;-152682.285330568;-20057.807273603354;-32623.622730210154;-66532.69428404502;-59699.60954184646;-39115.01635492043;
-93873.03517735425;-187500.02235174447;8199.268066795834;21098.146867531166;-40067.848869305715;22254.044980292914;-32160.360474629462;-76272.26576474498;21217.81810734488;15168.944319360771;-151602.67372163222;-20074.615785433743;-32729.637054161678;-66663.63080306421;-59784.76968822118;-39231.893626677236;
-94611.3803519464;-187500.02235174447;8207.493508755388;21047.58722157326;-41173.09792913174;22373.649164873263;-32154.12433792643;-76825.44908826936;20841.191213272956;14949.181967876193;-152638.92294632472;-20061.562366671846;-32596.46536069696;-66509.91785644506;-59687.22667541822;-39106.053305393856;
-93712.99668705424;-187500.02235174447;8181.923113098516;21157.17782463763;-39852.959198112396;22332.477251586588;-32186.60142261999;-76169.80536816185;21229.82099411738;15167.200883293259;-151708.73274907266;-20062.85876785025;-32727.848914605253;-66662.87084375272;-59776.38778405044;-39235.1122778788;
-94726.22361495777;-187500.02235174447;8220.234003094913;21003.26371231839;-41343.86525677029;22294.233416823557;-32142.009692431653;-76892.39256291301;20830.708245123416;14942.118816628315;-152513.64141865273;-20078.97437560253;-32607.708288157977;-66519.88673447212;-59703.699911081785;-39119.17377938912;
-93620.61692722046;-187500.02235174447;8186.751089900862;21197.43331640164;-39723.833170394086;22404.271054777033;-32190.602384877493;-76123.96194028402;21230.20097377312;15156.226176765702;-151816.2893433916;-20054.856843335252;-32713.543798153856;-66647.85047147876;-59760.96508037628;-39228.83143768686;
-94859.70823284486;-187500.02235174447;8229.018238665849;20958.180243752035;-41515.951337331695;22202.25598838997;-32130.587951014993;-76978.40207557703;20843.31462899621;14946.969145175117;-152431.74462696846;-20072.715887155045;-32613.87736962764;-66518.54562980481;-59704.258704693166;-39112.08827639679;
-93518.2235858707;-187500.02235174447;8172.5800839161975;21251.815110661402;-39593.67896243083;22475.461360867186;-32219.257321269197;-76054.04568362782;21225.462403948593;15144.960897560228;-151945.5718333211;-20034.74027332548;-32717.678870878088;-66646.15173890015;-59752.96315586128;-39214.7051351911;
-94896.96859085186;-187500.02235174447;8242.96572720596;20930.28526667181;-41571.182497880756;22142.80034813885;-32122.6307299889;-76989.26502338231;20854.870480879603;14968.650337296765;-152272.3319855132;-20084.361146016257;-32625.65673895559;-66527.66514154257;-59716.06042576557;-39132.87539874022;
-93454.27524498406;-187500.02235174447;8163.393516945067;21286.013279678024;-39524.50031334166;22547.45632975773;-32230.880228385955;-76009.81158135076;21197.410964657185;15141.228156236191;-152077.6482913075;-20015.29425564936;-32696.93645202356;-66622.83886943327;-59735.640553908415;-39200.57883269535;
-94901.21542229837;-187500.02235174447;8252.174645921546;20905.05014718177;-41573.79765198203;22085.490475355444;-32107.49859899266;-76980.34667734464;20881.647870737062;14999.786317323009;-152106.3479311881;-20079.93550061411;-32636.07265187176;-66540.71856030448;-59733.51713818516;-39153.97544550603;
-93448.66495712579;-187500.02235174447;8156.799752330751;21311.56132359044;-39533.06103146804;22595.557283825554;-32227.66157718439;-76007.86697958315;21166.029115441932;15116.440071635256;-152212.429310373;-20007.493496834457;-32683.838329772752;-66613.40643327314;-59730.745521872705;-39182.026884797444;
-94850.34285191809;-187500.02235174447;8247.838407497216;20890.745030730373;-41502.92027031425;22031.22043981796;-32104.257596046642;-76930.07760406466;20926.172545692032;15025.69198914671;-151934.73123726028;-20090.97726237503;-32657.32916084876;-66565.99838328343;-59748.850434881504;-39162.82673631034;
-93520.7716847386;-187500.02235174447;8171.909531582539;21306.308663643442;-39637.980119941254;22635.969237800746;-32210.942472331823;-76069.69190474652;21122.04088235389;15089.908550966806;-152350.33957366223;-20007.62760730119;-32663.632352785156;-66582.60572941371;-59705.041015749106;-39160.010416508965;
-94810.60145027656;-187500.02235174447;8258.254320413389;20895.95298718846;-41421.023478630006;22031.063977606773;-32085.906813848833;-76904.28369096323;20983.48241847544;15055.710381950186;-151832.3378959105;-20068.983145831007;-32655.22809686996;-66557.34825817922;-59734.791187619114;-39155.808288551365;
-93603.2943252676;-187500.02235174447;8158.945519798461;21307.381547377296;-39765.04978716967;22653.96239208727;-32217.692699157324;-76117.85991404772;21079.25964346643;15056.380934283845;-152471.10604895427;-19991.444944315546;-32659.050245171817;-66576.68251713306;-59697.53082961212;-39155.62947459573;
-94687.8009662391;-187500.02235174447;8247.883110986128;20899.551618045763;-41246.813982345346;22012.288512264313;-32085.146854537354;-76808.55116946116;21024.944904440035;15042.053466087995;-151697.31100765598;-20063.954003328563;-32680.619678571187;-66589.28890100586;-59752.96315586128;-39175.23195448303;
-93756.24731257526;-187500.02235174447;8161.515970410821;21265.516730012507;-39992.903470147074;22632.348255198987;-32206.628585651946;-76232.94904624809;21023.290875350343;14962.347145360369;-152574.48286706005;-19993.63541527217;-32636.56439024978;-66557.37060992367;-59686.80199227357;-39132.56247431785;
-94557.73616525366;-187500.02235174447;8240.43998008251;20911.57685656272;-41058.7911079873;22029.097024094706;-32094.847511630956;-76721.20055212981;21081.65128012315;15025.669637402254;-151629.20524230067;-20068.82668361982;-32691.303812420825;-66603.72812792398;-59755.91358612938;-39193.649791914206;
-93909.4685208164;-187500.02235174447;8158.118505253614;21225.529459181962;-40218.298461234386;22604.386222885398;-32216.351594490006;-76338.3151696104;20970.071371802256;14925.846746664853;-152648.86947260733;-20015.495421349457;-32634.753898948897;-66546.3511999072;-59686.44436436229;-39132.94245397359;
-94371.74729964105;-187500.02235174447;8228.43709331001;20939.9412202765;-40803.91416596343;22057.774312230864;-32096.434485487283;-76595.27082386862;21109.52390545892;15043.372219010856;-151556.40561060974;-20078.05795407986;-32720.964577313018;-66627.48803227997;-59772.45387702631;-39217.63321371475;
-94098.45252018601;-187500.02235174447;8173.004767060848;21168.733676521028;-40483.63601966334;22555.94999265075;-32184.90269004139;-76469.58696479643;20921.85865901216;14895.694243394644;-152688.0967841264;-20018.91523825112;-32613.989128349916;-66525.11704267467;-59682.10812593796;-39124.06881142483;
-94215.46390240955;-187500.02235174447;8210.086311112203;20970.00431656889;-40572.08187247299;22105.204713965024;-32123.971834656222;-76493.39157264133;21149.13119663372;15054.950422638705;-151562.32882289038;-20067.418523719138;-32715.890731321662;-66633.2771340939;-59773.057374126605;-39220.404830027204;
-94297.76302549399;-187500.02235174447;8175.172886273013;21108.98746359199;-40762.317569532104;22478.948233002215;-32184.008620263176;-76606.02201295162;20866.962774629927;14867.531045380956;-152712.32607511594;-20038.540069882878;-32619.733526674932;-66520.8478594837;-59690.53473359761;-39119.374945089214;
-94052.65379579709;-187500.02235174447;8203.559601731253;21011.042119388836;-40329.69955559964;22162.402828026155;-32139.75216624167;-76390.9311760582;21166.14087416421;15064.31580356548;-151595.9905500401;-20060.62359340472;-32727.223065760503;-66644.25184062145;-59778.93588291835;-39232.43006854416;
-94470.96669327817;-187500.02235174447;8179.866752608628;21056.97495424449;-41001.54829043726;22402.05823207596;-32194.022201779153;-76719.39006082894;20826.12613751008;14852.488321362534;-152691.11426962784;-20047.950154298564;-32606.83657012422;-66513.4941355579;-59693.52986735462;-39127.578035304316;
-93835.57365364715;-187500.02235174447;8186.52757245631;21071.995326518456;-40043.68663354953;22233.39196841621;-32157.901782739376;-76238.35816840627;21192.448877388106;15066.975661155662;-151618.20818402866;-20062.612898661246;-32738.84597287726;-66659.1381024287;-59786.55782777761;-39239.38146106976;
-94617.97411656071;-187500.02235174447;8208.901668656072;21004.358947796696;-41212.615813328724;22337.573449322397;-32150.503355324672;-76817.380108521;20818.727710095372;14853.203577185104;-152599.3156551499;-20045.469110664024;-32594.699572884987;-66495.38922254911;-59686.846695762484;-39109.58488101779;
-93691.62841935497;-187500.02235174447;8188.76274690184;21123.426690510118;-39849.49467772182;22319.401481080233;-32178.37598066044;-76156.59548718877;21216.164078255188;15070.306071079502;-151708.1069002279;-20030.40403490115;-32720.875170335195;-66637.38985507368;-59764.49665600022;-39227.06564987489;
-94736.21484472929;-187500.02235174447;8220.949258917482;20961.890633331615;-41380.1644897657;22260.16935827367;-32139.796869730577;-76888.45865588888;20813.430346659465;14847.570937582368;-152497.12347950024;-20050.252383977462;-32599.192273520504;-66494.40574579308;-59694.960378999756;-39119.77727648941;
-93576.49458366568;-187500.02235174447;8186.415813734033;21173.29343238991;-39690.19379498885;22411.557723469465;-32182.488701640214;-76083.14765490862;21212.319578208873;15051.195329570215;-151815.9317154803;-20018.937589995574;-32715.019013287907;-66633.21007886053;-59760.2051210648;-39228.876141175766;
-94832.2379389093;-187500.02235174447;8234.315602101757;20920.04816771128;-41507.5470814165;22193.359994096758;-32126.698747479768;-76944.78505191626;20829.568306156198;14852.197748684615;-152377.69810887554;-20045.692628108576;-32600.958061332472;-66496.17153360505;-59696.502649367176;-39116.35745958775;
-93509.26053634413;-187500.02235174447;8183.241866021379;21211.894895064223;-39606.57591898154;22491.308747686;-32188.166044731865;-76040.41111951007;21206.061089761388;15044.579213211444;-151943.7613420202;-20001.7714502539;-32694.47776013348;-66610.99244487195;-59731.43842595082;-39190.27467850145;
-94900.14253856451;-187500.02235174447;8245.849102240694;20892.354356331154;-41595.83647201496;22143.4261969836;-32110.49373274967;-76977.73152324338;20861.330135027187;14883.400783944224;-152247.76741835685;-20046.20671823105;-32600.332212487727;-66488.66134746806;-59689.17127718584;-39110.858930451745;
-93459.97493982017;-187500.02235174447;8163.952310556449;21246.115415825298;-39558.47496491372;22556.79935894005;-32233.38362376495;-76003.41898243655;21194.728755322547;15046.188538812226;-152087.05837572317;-19994.551836794835;-32691.862606032206;-66597.08965982076;-59717.02155077715;-39188.17361452265;
-94885.9938843243;-187500.02235174447;8243.412762095066;20859.430236748485;-41578.245649128636;22086.116324200193;-32132.711366738247;-76946.28261879476;20899.752783745862;14916.391958760258;-152078.92234074144;-20054.409808446148;-32634.731547204443;-66519.37264434966;-59712.081815252524;-39139.26799765444;
-93453.29176822804;-187500.02235174447;8154.318708696212;21251.39042751675;-39565.292246972596;22618.445470147788;-32243.978350636764;-75989.11386598514;21167.392571853707;15024.775567624041;-152224.29808667875;-19986.43815355756;-32682.206652427514;-66593.80395338582;-59712.35003618599;-39184.66439064317;
-94849.31467167314;-187500.02235174447;8253.895730244605;20828.92010556699;-41510.20693900668;22052.968687172972;-32111.276043805607;-76904.59661538561;20951.921755304546;14941.694133483665;-151920.58258302006;-20056.600279402766;-32645.862715943185;-66540.69620856002;-59730.38789396142;-39155.87534378473;
-93526.85135923045;-187500.02235174447;8161.471266921911;21249.66934319369;-39669.719597067786;22642.317133226054;-32243.643074469936;-76047.89895390261;21142.492728530495;14993.572532364433;-152364.80115232483;-19978.43622904256;-32657.66443701559;-66568.54648215133;-59697.66494007885;-39154.95892226206;
-94753.5597984266;-187500.02235174447;8244.575052806742;20839.000742316337;-41376.38704495276;22041.546945756312;-32111.96894788372;-76835.17209710742;21013.947846168023;14961.095447670872;-151795.837497215;-20053.538090412392;-32665.93458246405;-66560.76807508088;-59744.44714122381;-39177.645942884206;
-93600.5450606996;-187500.02235174447;8154.698688351952;21239.789872144447;-39806.467569645356;22662.76897940266;-32243.196039580827;-76097.29630914883;21094.727050629503;14953.875834211807;-152478.41506939114;-19983.33126107827;-32652.41177706859;-66559.38226692466;-59697.754347056674;-39158.51284963046;
-94644.34917501798;-187500.02235174447;8249.58184356473;20836.832623104172;-41224.283423934394;22047.559565014788;-32109.48790424918;-76763.24418345025;21069.06724799481;14976.361689133846;-151681.21775164816;-20060.668296893633;-32676.59636456923;-66577.64364214464;-59755.80182740711;-39197.67310591616;
-93757.54371375368;-187500.02235174447;8160.4877901658765;21202.685976348635;-40032.08607817723;22666.836996893526;-32232.511905731193;-76219.96268271956;21054.762131543415;14920.392921017758;-152594.93471323667;-19986.952243680033;-32644.543963020322;-66543.98191499495;-59687.94193124079;-39136.854009253264;
-94482.61195213938;-187500.02235174447;8241.334049860723;20871.097847354158;-40997.994363068865;22061.97644018846;-32126.92226492432;-76655.75464436467;21128.567591734838;15002.759099335564;-151613.00022757056;-20060.981221316008;-32692.197882199038;-66602.34231976776;-59762.7532199327;-39201.80817864039;
-93902.15950037951;-187500.02235174447;8174.100002539159;21168.420752098653;-40257.32460705336;22607.537818853598;-32231.595484208523;-76327.54162878294;21002.950787896014;14893.190848015649;-152655.46323722164;-20005.191267155562;-32634.84330592672;-66539.57862133725;-59688.321910896535;-39132.16014291765;
-94307.48603433205;-187500.02235174447;8242.853968483683;20901.987958191392;-40755.45558398433;22085.84810326673;-32119.277968320606;-76554.00950360412;21176.400324869195;15032.375160738846;-151560.3171658894;-20049.090093265786;-32702.837312559765;-66616.2227530745;-59767.312975801586;-39208.04431534342;
-94083.94623803452;-187500.02235174447;8185.298226511268;21125.885382400204;-40517.83418867996;22560.532100264085;-32199.498379170705;-76465.45189207219;20964.57284266625;14882.484362421557;-152703.02774942253;-19998.10576416323;-32609.697593414498;-66516.93630420403;-59673.8826839784;-39110.92598568511;
-94115.6186599277;-187500.02235174447;8231.141654389103;20945.05976975677;-40489.20160403271;22134.19492652356;-32129.22449460322;-76429.21971431014;21209.033871773943;15061.275966319557;-151544.58153779287;-20043.457453663046;-32716.963615055516;-66633.74652072747;-59769.548150247116;-39217.275585803465;
-94286.29658058842;-187500.02235174447;8200.206840062958;21058.249003678444;-40793.721770491815;22500.62942512386;-32173.190375946808;-76612.52637058811;20923.445632868486;14867.84396980333;-152703.16185988925;-20009.61691255771;-32602.254462510882;-66506.38628082113;-59672.54157931109;-39104.62279374871;
-93976.45669894895;-187500.02235174447;8215.406026292567;20975.882825360637;-40273.06023514989;22199.97611045553;-32147.061186678555;-76358.52114659801;21241.66741867869;15068.987318156638;-151607.94873332366;-20033.7791483139;-32715.555455154834;-66632.89715443816;-59759.60162396451;-39211.9558706231;
-94487.39522545281;-187500.02235174447;8202.598476719675;20994.21125581399;-41067.95532321397;22412.228275803125;-32172.676285824335;-76753.34236065655;20889.80625746325;14844.88872824773;-152698.2444761091;-20023.29618016436;-32604.82491312324;-66506.27452209884;-59674.821457245525;-39110.657764751646;
-93820.95561277338;-187500.02235174447;8200.363302274145;21023.22382011698;-40060.6069041022;22272.574576446365;-32170.061131723065;-76265.29202047492;21256.128997341275;15063.108809364894;-151685.46458309467;-20033.44387214707;-32717.924740067097;-66646.79993948936;-59762.68616469934;-39227.84796093082;
-94630.31227950005;-187500.02235174447;8205.81712792124;20939.740054576407;-41275.826546648335;22331.76199576402;-32178.42068414935;-76853.25465837178;20861.08426583818;14840.038399700928;-152627.94823979714;-20051.6828956226;-32603.81908462275;-66511.7954029793;-59689.12657369692;-39116.29040435438;
-93638.94535767382;-187500.02235174447;8171.931883326994;21075.482198653484;-39829.243997245314;22353.71140881913;-32193.776332590143;-76142.93857132657;21248.50705248202;15053.385800526834;-151755.17967405077;-20058.075494536817;-32739.650635677655;-66669.06227696684;-59776.43248753935;-39241.169600626185;
-94737.91357730789;-187500.02235174447;8213.81905243624;20887.302862084256;-41430.947653168165;22259.387047217733;-32146.435337833806;-76915.16899051298;20860.301954782244;14838.987867711528;-152488.58511311832;-20074.01228833345;-32612.40215449359;-66521.33959786172;-59703.72226282624;-39128.74032601599;
-93536.39555411287;-187500.02235174447;8164.086421023181;21120.073928841823;-39689.925574055385;22425.169935842747;-32212.060059554587;-76086.0086781989;21253.513843240005;15045.719152178664;-151866.9383963273;-20047.212546731538;-32720.361080212726;-66645.8835179667;-59756.22651055176;-39228.11618186429;
-94833.89196799898;-187500.02235174447;8219.921078672538;20855.786902402273;-41555.46922152868;22177.736124722498;-32129.89504693688;-76984.21352913542;20866.202815318444;14846.766274781976;-152373.09364951774;-20084.83053264982;-32626.684919200532;-66524.1559176631;-59712.28298095262;-39126.527503314916;
-93451.6600908828;-187500.02235174447;8152.463513906421;21174.120446934754;-39589.521537962144;22482.144532459322;-32219.19026603583;-76037.66185494207;21242.181508801164;15022.674503645243;-151994.94683682287;-20027.274790677406;-32717.09772552225;-66647.76106450094;-59751.666754682876;-39219.44370501563;
-94858.32242468864;-187500.02235174447;8230.918136944549;20836.1173672816;-41600.686800561765;22103.79655406434;-32118.428602031305;-76988.25919488183;20897.22703662241;14847.056847459895;-152218.35252265364;-20069.02784931992;-32641.146497863116;-66545.83710978474;-59724.06235028057;-39145.72765180202;
-93439.83601806594;-187500.02235174447;8158.6102436316305;21203.267121704474;-39581.07257855804;22555.614716483917;-32206.919158329867;-76043.09332884471;21214.7559183545;14993.34901491988;-152140.74726590482;-20001.503229320435;-32697.249376445936;-66625.00698864544;-59727.7950916046;-39204.132760063745;
-94865.00559628077;-187500.02235174447;8243.144541161602;20818.45948916191;-41595.925878992784;22068.19022514704;-32095.272194775607;-76991.7237152724;20940.3435516767;14873.700126850621;-152084.42086987745;-20060.78005561591;-32634.84330592672;-66541.88085101615;-59720.82134733455;-39150.35446290427;
-93440.81949482198;-187500.02235174447;8149.781304571785;21221.506145180007;-39601.50207299019;22611.203504944267;-32216.66451891238;-76051.54228824882;21178.411981870173;14974.864122255341;-152281.56325597325;-19993.948339694543;-32677.937469236553;-66609.29371229335;-59716.708626354775;-39189.89469884571;
-94796.631609992;-187500.02235174447;8240.842311482706;20808.065927990192;-41498.338162700915;22018.21172454497;-32093.86403487492;-76937.25251403482;20969.311412490777;14902.019787075495;-151917.0063039072;-20064.5351486844;-32651.629466012655;-66569.35114495172;-59738.25570800969;-39165.91127704517;
-93479.4656609852;-187500.02235174447;8152.239996461868;21220.634427146248;-39676.223954704285;22611.29291192209;-32230.99198710823;-76076.41977982757;21122.912600387644;14949.427837065201;-152379.88857983216;-20001.10089792024;-32673.13184417866;-66602.69994767904;-59711.29950419659;-39183.23387899803;
-94704.92240249187;-187500.02235174447;8251.906424988083;20803.573227354675;-41362.95364653512;22003.996015071396;-32081.16824402431;-76872.94654523689;21013.16553511209;14937.514357270522;-151762.64515669885;-20067.127951041217;-32666.13574816415;-66578.82828460078;-59743.59777493451;-39178.8976405737;
-93610.49158698221;-187500.02235174447;8163.840551834172;21198.1038687353;-39861.631674961056;22637.37739770143;-32212.395335721416;-76183.64109797968;21083.484123168484;14925.489118753567;-152503.8513545813;-19984.538255278858;-32639.157192606595;-66564.59022338274;-59681.2364079042;-39142.91133200066;
-94600.65151460786;-187500.02235174447;8249.91711973156;20807.55183786772;-41199.18241491108;22008.6451779181;-32092.83585462998;-76805.86896012652;21065.043933992856;14961.698944771166;-151675.33924285643;-20070.480712709512;-32670.583745310756;-66591.5240754514;-59744.380085990444;-39182.116291775266;
-93777.14619364098;-187500.02235174447;8163.527627411799;21160.575289794837;-40095.09564579673;22617.394938158388;-32201.33122221604;-76309.99550938554;21023.469689305985;14892.766164870998;-152622.00267577203;-20009.39339511316;-32622.639253454123;-66545.41242664009;-59673.94973921177;-39136.04934645288;
-94447.11738194435;-187500.02235174447;8248.44190459751;20839.336018483165;-40978.280124459285;22042.038684134328;-32095.227491286696;-76708.03537464564;21118.308141029855;14993.371366664334;-151599.72329136412;-20081.477770981524;-32692.957841510517;-66608.8690291487;-59754.19250180633;-39200.4000187397;
-93939.28574791977;-187500.02235174447;8164.980490801394;21130.109862102254;-40326.793828820446;22593.14329542438;-32204.974556562254;-76420.70369967267;20989.092706333722;14871.710821594099;-152676.2280078206;-20028.459433133536;-32609.78700039232;-66525.96640896397;-59667.78065774211;-39124.31468061384;
-94274.13723160473;-187500.02235174447;8225.643125253097;20879.56915850272;-40727.73942085975;22081.713030542498;-32128.285721336095;-76587.44771330926;21159.748275249993;15004.21196272516;-151557.7690670215;-20091.82662866433;-32704.13371373817;-66627.01864564641;-59765.6589467119;-39218.92961489315;
-94128.1132850782;-187500.02235174447;8175.552865928754;21081.98655628998;-40592.69018086078;22534.78289065157;-32200.213634993273;-76549.0697680795;20938.376598164632;14838.250260144505;-152701.88781045532;-20032.080415735294;-32605.40605847908;-66524.200621152;-59671.535750810595;-39120.96191894554;
-94073.73149081845;-187500.02235174447;8218.714084471952;20933.52626961783;-40449.9966442581;22136.072473057804;-32152.9396954703;-76450.43151979822;21207.24573221752;15018.651189643288;-151537.29486910044;-20066.323288240827;-32719.779934856888;-66643.33541909879;-59769.4587432693;-39230.95485341011;
-94261.19557156511;-187500.02235174447;8179.263255508335;21040.367608114197;-40799.9802589393;22474.768456789072;-32183.203957462785;-76625.60214109447;20907.531190816306;14822.849908214797;-152649.47296970763;-20034.49440413647;-32611.239863781913;-66519.93143796104;-59679.96235847025;-39123.68883176909;
-93864.6085696946;-187500.02235174447;8196.742319672385;20981.828389385748;-40165.81656525333;22205.385232613713;-32159.868736251443;-76305.88278840575;21235.364226742295;15022.026303056038;-151534.70206674363;-20051.101750266764;-32723.46797269201;-66650.7338465135;-59766.55301649011;-39228.29499581993;
-94435.31566087194;-187500.02235174447;8197.301113283767;20972.463008458973;-41041.80378220127;22396.00090932857;-32152.090329181;-76746.23450591975;20877.535149757285;14802.331006804825;-152578.93086420666;-20038.38360767169;-32608.378840491634;-66515.32697860325;-59681.683442793306;-39113.29527059737;
-93728.84407387306;-187500.02235174447;8200.43035750751;21029.057625419813;-39968.584772179696;22288.55607373191;-32151.17390765833;-76234.75953754896;21255.614907218805;15021.176936766737;-151614.16251828225;-20029.15233721165;-32718.014147044916;-66643.64834352117;-59750.05742908209;-39214.97335612457;
-94582.01015973213;-187500.02235174447;8209.706331456462;20937.03549349731;-41249.54089516889;22315.378167078277;-32142.479079065215;-76848.22551586933;20869.80144617575;14805.21438183956;-152527.745369404;-20036.059026248342;-32606.993032335406;-66508.77791747784;-59676.229617146215;-39103.90753792614;
-93562.10006023647;-187500.02235174447;8180.805525875751;21088.1779895041;-39755.550295776164;22361.53451937849;-32170.396407889893;-76128.3205304528;21255.167872329697;15022.898021089795;-151693.39945237632;-20023.05031097535;-32720.62930114619;-66650.82325349131;-59750.39270524892;-39222.68470796165;
-94690.77374825165;-187500.02235174447;8218.647029238586;20891.303824341754;-41408.32768777939;22245.193689488613;-32116.01461363013;-76921.31572023818;20852.523547711797;14807.06957662935;-152397.43469922958;-20051.54878515587;-32614.056183583285;-66512.73417624643;-59686.37730912892;-39121.58776779029;
-93472.84954462643;-187500.02235174447;8176.670453151519;21139.028208139924;-39641.46699207628;22449.935668699225;-32174.6432393364;-76087.61800379968;21247.657686192713;15022.540393178511;-151821.25143066066;-20002.151429909638;-32703.597271871244;-66629.25382009195;-59730.52200442815;-39209.027792099456;
-94814.20008113387;-187500.02235174447;8235.76846549135;20856.189233802466;-41573.32826534847;22173.779865953908;-32094.512235464128;-77012.33202366019;20867.36510603012;14835.523347320957;-152296.33775905822;-20038.80829081634;-32605.24959626789;-66507.19094362152;-59691.51821035364;-39118.74909624447;
-93426.1567504593;-187500.02235174447;8161.761839599829;21181.965909238566;-39590.48266297372;22523.02587306808;-32195.22919597974;-76073.02231467036;21213.86184857629;15010.626913383832;-151994.85742984503;-20003.648996788146;-32696.310603178812;-66619.59786648725;-59724.15175725839;-39197.49429196052;
-94836.44006686688;-187500.02235174447;8244.06096268427;20834.016303302804;-41606.7217715647;22124.606028152233;-32086.331496993484;-77025.51955288883;20867.767437430317;14854.455274874601;-152160.50620800332;-20062.523491683423;-32618.928863874542;-66518.21035363799;-59703.87872503743;-39134.238855152;
-93387.91291569626;-187500.02235174447;8153.692859851463;21205.323482194362;-39559.21257248075;22591.556321568052;-32202.13588501643;-76057.04081738483;21177.361449880773;14998.311102188958;-152125.6598383975;-19991.400240826635;-32682.69839080553;-66600.19655230004;-59704.951608771284;-39188.48653894503;
-94808.83566246458;-187500.02235174447;8252.53227383283;20822.058120019214;-41564.45462279971;22078.136751429647;-32069.81355784101;-77002.38549737757;20907.75470826086;14889.435754947157;-152001.36178748152;-20048.196023487573;-32623.77919242134;-66519.26088562737;-59698.84958253498;-39131.0872591838;
-93402.95563971468;-187500.02235174447;8172.624787405109;21232.167927285187;-39594.50597697568;22634.896354066892;-32182.08637024002;-76069.44603555751;21147.36540882175;14976.987537978595;-152242.76062759885;-19970.36724929419;-32651.36124507919;-66569.52995890737;-59681.79520151558;-39160.47980314252;
-94757.62781591748;-187500.02235174447;8274.325224676755;20816.82781181667;-41480.233249692115;22063.988097189438;-32046.67950232977;-76958.59842998964;20960.683639131028;14924.416235019713;-151847.6935443513;-20025.374892398704;-32618.303015029793;-66517.38333909314;-59694.87097202194;-39132.56247431785;
-93460.62314040937;-187500.02235174447;8174.90466533955;21239.45459597762;-39690.14909149994;22676.224729564754;-32185.595594119502;-76108.02514648737;21100.158524532144;14963.509436072045;-152373.56303615132;-19951.03299034035;-32625.03089011084;-66538.63984807013;-59655.91188143634;-39133.434192351604;
-94614.64370663688;-187500.02235174447;8274.235817698935;20835.424463203486;-41292.389189289715;22063.65282102261;-32051.842755298945;-76842.81639371114;21006.281197819855;14952.802950477953;-151686.80568776198;-20028.638247089177;-32641.5041257744;-66532.40371136711;-59702.023530247636;-39145.23591342401;
-93578.81916508904;-187500.02235174447;8195.088290582693;21218.68982537864;-39870.79589018773;22696.631872252452;-32164.249678164684;-76197.4321243086;21058.74074205646;14932.172290345705;-152458.00792670346;-19939.723007645967;-32599.16992177605;-66503.23468485293;-59635.01300037063;-39109.87545369571;
-94510.57398445297;-187500.02235174447;8274.034651998836;20845.79567263075;-41130.58491117775;22087.74800154543;-32038.14113594784;-76783.4725121823;21072.710582341027;14980.832038024908;-151602.65136988775;-20000.58680779777;-32638.50899201739;-66531.97902822246;-59692.90401850987;-39130.90844522815;
-93735.50489372075;-187500.02235174447;8188.740395157385;21183.888159261725;-40096.90613709762;22690.887473927436;-32164.137919442408;-76313.84000943185;21013.277293834366;14901.95273184213;-152565.78803846694;-19942.248754769418;-32587.301145470283;-66486.98496663391;-59624.99941885465;-39080.90759288163;
-94357.59864540085;-187500.02235174447;8270.659538586086;20867.499216496853;-40907.268632324776;22109.04921401134;-32042.611484838904;-76683.6496214449;21122.84554515428;15005.955398792674;-151522.63212473778;-20005.39243285566;-32651.18243112355;-66556.27537444537;-59706.069195994045;-39152.83550653881;
-93905.33344809216;-187500.02235174447;8197.368168517134;21151.992219924;-40337.74618360355;22643.76999661565;-32143.64136977689;-76433.86887715684;20971.591290425218;14883.892522322241;-152626.36126594082;-19938.113682045187;-32571.29729644028;-66473.01512634935;-59622.116043819915;-39066.133089796676;
-94165.44069831858;-187500.02235174447;8262.344689648711;20924.250295668877;-40637.59483547149;22150.087016831283;-32064.829118827478;-76545.9181721113;21167.549034064894;15041.964059110172;-151469.07734502284;-19997.323453107292;-32675.590536068743;-66580.30349973483;-59722.83300433553;-39171.07453001434;
-94090.54000264884;-187500.02235174447;8218.423511794033;21119.313969530343;-40606.8835385899;22596.026670459112;-32118.942692153778;-76550.45557623572;20929.145327704588;14880.740926354043;-152636.39719920125;-19934.447995954513;-32560.30023816827;-66456.7877598748;-59621.199622297245;-39067.40713923063;
-94006.11746384115;-187500.02235174447;8257.986099479926;20972.64182241462;-40401.582765767904;22214.30357865138;-32064.695008360748;-76438.62979872583;21211.939598553134;15063.958175654196;-151483.74008938554;-19971.082505116763;-32671.746036022432;-66572.39098219764;-59709.06432975106;-39159.76454731996;
-94279.3004845739;-187500.02235174447;8226.62660200913;21070.02837300639;-40862.96747481435;22540.1696610653;-32120.77553519911;-76674.75362715169;20897.294091855776;14862.79247555643;-152636.39719920125;-19943.61221118119;-32546.129232183604;-66441.38740794509;-59615.03054082758;-39053.21378150151;
-93824.50954014178;-187500.02235174447;8242.384581850121;21034.176174900076;-40144.00126266495;22285.516236485986;-32082.375238224893;-76313.08005012036;21239.231078533063;15061.700649464208;-151523.1685666047;-19969.964917893998;-32677.80335876982;-66589.04303181685;-59715.345169943;-39179.12115801825;
-94436.09797192788;-187500.02235174447;8244.306831873278;21020.58631427125;-41087.758968801376;22448.415750076267;-32102.715325679223;-76770.08381725357;20871.209606076434;14846.095722448317;-152555.43918078413;-19963.080580601763;-32556.09811021067;-66450.2386987494;-59630.96733462421;-39065.52959269638;
-93639.48179954074;-187500.02235174447;8231.812206722761;21080.10900975573;-39900.32254461319;22364.95433628015;-32105.106962335944;-76185.60805149176;21254.67613395168;15071.378954813357;-151573.66115732922;-19961.80653116781;-32674.540004079343;-66587.45605796052;-59709.354902428975;-39173.24264922651;
-94573.6729590503;-187500.02235174447;8257.740230290918;20961.71181937597;-41284.78959617491;22377.13603700829;-32078.843662600957;-76855.57923979512;20858.13383557008;14852.08598996234;-152453.42581909013;-19963.035877112852;-32544.475203093913;-66437.6323148766;-59629.91680263481;-39059.11464203771;
-93493.99429488115;-187500.02235174447;8218.892898427594;21131.540373747393;-39712.76905688871;22458.138758914323;-32129.090384136485;-76091.73072477945;21255.30198279643;15067.98148965615;-151665.57153052944;-19945.08742631524;-32671.254297644413;-66584.30446199232;-59701.71060582526;-39163.296122943895;
-94689.2538296287;-187500.02235174447;8273.028823498347;20912.247408896375;-41449.611359788345;22311.89129494325;-32056.82719431248;-76932.67040642147;20856.41275124702;14854.432923130147;-152337.33085838926;-19973.630603984668;-32554.91346775454;-66442.95203005696;-59640.489177762174;-39059.80754611582;
-93420.97114574566;-187500.02235174447;8223.005619407371;21177.070877202856;-39612.4991312622;22550.18324258128;-32124.7317939677;-76060.28182033084;21254.989058374056;15055.844492416918;-151806.16400315333;-19927.697769129012;-32655.02693116986;-66567.45124667302;-59686.39966087338;-39146.42055588014;
-94767.66374917791;-187500.02235174447;8283.69060560353;20882.94427191547;-41547.690814458234;22252.860337836784;-32022.874894484867;-76980.50313955583;20888.688670240484;14878.684565864154;-152215.04446447425;-19953.46933048598;-32546.710377539443;-66429.45157640596;-59624.95471536574;-39044.83187733077;
-93355.52523798052;-187500.02235174447;8202.419662764032;21213.593627642826;-39529.37299363292;22611.538781111096;-32123.815372445035;-76016.67356689853;21242.025046589977;15046.903794634796;-151935.49119657173;-19906.88829504112;-32636.49733501641;-66542.86432777219;-59663.153846639856;-39131.914273728646;
-94770.65888293492;-187500.02235174447;8280.673120102063;20856.45745473593;-41551.84823892692;22184.53105503691;-32020.550313061514;-76967.1144446271;20923.13270844611;14894.75547012752;-152046.91464268146;-19955.480987486957;-32568.30216268327;-66444.8295765912;-59644.490140019676;-39071.27399102139;
-93367.21520033064;-187500.02235174447;8206.688845954997;21223.24958124752;-39547.20968570825;22667.708714927285;-32126.609340501946;-76034.1973345515;21215.560581154896;15021.199288511192;-152061.0856486661;-19893.164323945563;-32622.72866043194;-66519.61851353866;-59645.89829992036;-39102.477026281005;
-94801.14666237196;-187500.02235174447;8290.239666728934;20829.300085222734;-41566.37687282287;22144.05204582835;-32019.790353750035;-76987.18631114798;20958.38140945213;14920.61643846231;-151931.93726920334;-19961.47125500098;-32565.26232543735;-66447.62354464812;-59648.3793435549;-39069.64231367616;
-93392.07034016495;-187500.02235174447;8185.4323369779995;21235.49833720903;-39599.06573284456;22708.2100758803;-32157.7900240171;-76049.53063124784;21169.113656176767;14994.82423005393;-152230.5342233818;-19902.686167083524;-32622.482791242935;-66519.70792051649;-59647.03823888758;-39111.19420661857;
-94719.54044336564;-187500.02235174447;8291.916047563082;20814.056195504214;-41449.20902838815;22111.75377509043;-32016.43759208174;-76917.0018335583;20992.82544765776;14943.996363162561;-151763.15924682133;-19967.90855740411;-32589.670430382543;-66479.3406700302;-59668.42885833131;-39095.12330235521;
-93482.99723660914;-187500.02235174447;8188.963912601938;21228.68105515016;-39730.58339721959;22722.425785353877;-32149.519878568637;-76115.71414658001;21111.37910024871;14967.353936118358;-152354.9663847645;-19886.235283164417;-32596.085381041215;-66495.38922254911;-59628.73216017868;-39087.367247029215;
-94610.79920659057;-187500.02235174447;8281.12015499117;20820.515849651798;-41285.61661071976;22095.414649893602;-32019.05274618301;-76835.35091106307;21033.282105121863;14966.146941917772;-151630.8369196459;-19965.136941091652;-32616.000785350894;-66508.73321398893;-59686.60082657348;-39121.96774744603;
-93590.19620301679;-187500.02235174447;8191.444956236477;21205.47994440555;-39897.52857655628;22715.653206783918;-32151.375073358427;-76187.41854279263;21057.243175177955;14937.67081948171;-152437.06434214883;-19897.99230074791;-32593.939613573508;-66491.2988533138;-59631.615535213416;-39084.84149990577;
-94476.91225730328;-187500.02235174447;8287.02101552737;20845.505099952832;-41091.55876535878;22114.815964080808;-32022.651377040314;-76741.87591575098;21082.388887690173;14999.24987545608;-151539.75356099053;-19958.163196821595;-32625.388518022126;-66515.23757162543;-59689.61831207494;-39121.09602941228;
-93727.19004478336;-187500.02235174447;8203.269029053334;21183.70934530608;-40107.88084362517;22711.853410226515;-32145.74243375569;-76281.2064625271;21011.578561255763;14930.205336833638;-152518.40234022168;-19895.064222224264;-32564.59177310369;-66459.91700409853;-59618.02567458459;-39067.094214808254;
-94270.0468623694;-187500.02235174447;8278.750870078906;20887.928710929;-40812.96662246784;22150.466996487023;-32037.9623219922;-76589.0346871656;21129.931048146613;15042.5005009771;-151435.10269345078;-19951.815301396287;-32642.88993393063;-66535.53295559084;-59702.06823373655;-39144.85593376827;
-93877.79609892322;-187500.02235174447;8216.031875137314;21149.712341989558;-40337.79088709246;22677.744648187716;-32137.002901673666;-76373.65327759425;20959.05196178579;14901.885676608763;-152534.16032006269;-19894.281911168327;-32553.840584020687;-66447.89176558159;-59615.187003038765;-39056.20891525852;
-94079.72175833247;-187500.02235174447;8282.058928258291;20925.3902346361;-40550.49008732916;22208.53682858191;-32024.9089032303;-76454.32072333345;21173.516949834462;15055.397457527812;-151380.51973349092;-19941.332333246748;-32648.947256678017;-66545.8594615292;-59699.363672657455;-39151.78497454941;
-94065.37193839216;-187500.02235174447;8239.791779493306;21096.895169841668;-40603.12844552141;22641.467766936752;-32091.092418562464;-76506.7579158256;20929.681769571518;14884.428964189168;-152551.2147010821;-19878.32276562724;-32532.517019810322;-66415.4817361214;-59584.11807824589;-39023.17303695357;
-93919.30328837673;-187500.02235174447;8272.268864186868;20977.693316661516;-40312.667526324694;22286.49971324202;-32046.56774360749;-76357.47061460861;21227.004674316013;15082.84539971893;-151410.64988501667;-19905.927170029543;-32636.4526315275;-66530.05677819929;-59672.04984093307;-39129.27676788292;
-94262.4472692546;-187500.02235174447;8240.194110893503;21048.25777390692;-40875.305637753685;22559.79449269706;-32088.276098761096;-76640.80132732408;20890.521513285817;14865.65349884671;-152535.993163108;-19894.103097212686;-32549.683159551998;-66418.32040766721;-59597.46206968571;-39030.213836457;
-93781.34832159858;-187500.02235174447;8255.929738990038;21031.40455858762;-40104.68454416806;22342.893164502762;-32066.281982217075;-76279.5524334374;21244.461386735606;15068.719097223175;-151473.36887995826;-19908.587027619724;-32651.94239043503;-66550.9109557761;-59683.985672472205;-39134.86470399675;
-94452.12417270234;-187500.02235174447;8256.421477368054;21007.421136787074;-41129.04264081033;22485.16201796079;-32071.780511353078;-76775.29177371167;20875.970527645415;14845.358114881292;-152490.57441837483;-19926.714292372977;-32541.01068270334;-66426.52349788231;-59614.96348559421;-39035.13122023716;
-93629.93760465832;-187500.02235174447;8238.025991681337;21087.46273368153;-39895.15929164401;22425.974598643137;-32097.73088666569;-76184.11048461324;21270.389410303764;15077.615091516387;-151556.87499724329;-19907.22357120795;-32647.22617235496;-66552.49792963242;-59680.141172425894;-39146.91229425815;
-94594.9294680273;-187500.02235174447;8253.180474422035;20953.10639776068;-41328.19668390712;22409.926046124227;-32060.11290074741;-76862.46357708736;20869.64498396456;14857.808036542898;-152406.04012084487;-19923.27212372686;-32542.083566437195;-66420.42147164601;-59615.5222792056;-39032.13608648015;
