Año;Mes;Dia; Hora
2020;09;27;20-34-46
CH1 ;CH2 ;CH3 ;CH4 ;CH5 ;CH6 ;CH7 ;CH8 ;CH9 ;CH10 ;CH11 ;CH12 ;CH13 ;CH14 ;CH15 ;CH16 ;
28543.69175954959;56014.969171878;-28766.225727346628;-11436.6500302136;-19654.22417571833;-6191.857897264707;-34193.96688866221;-19162.150521534746;6445.79606602145;-2621.077313551583;-10649.287480030953;-16394.311653889617;-12841.568927951925;-20947.652572113584;-18039.064769633387;-32333.094755780076;
28488.482950744983;56182.02610993697;-28838.84654508192;-11432.35849527818;-19523.377063676962;-5896.12196637654;-34295.91319512286;-19194.113516105834;5393.9229719547;-3189.303361094399;-11365.370317145625;-16402.49239236026;-12721.94239162712;-20828.808346844715;-17964.40994315266;-32211.85889385449;
28529.92308496512;56271.54484648047;-28775.74757048459;-11448.317640819268;-19657.465178664348;-6177.955112213506;-34211.80358073754;-19177.260300786533;6431.93798445916;-2608.739150612253;-10635.29528800193;-16387.851999742034;-12863.473637518126;-20970.943089836015;-18047.53608078195;-32353.92658161242;
28510.20884635554;55930.21135690348;-28828.341225187927;-11430.726817932942;-19538.77741560667;-5924.285164390227;-34280.82576761553;-19191.878341660304;5379.751965970036;-3174.4394510316197;-11377.77553531832;-16415.232886699785;-12715.527440968448;-20825.63439913206;-17972.858902556767;-32200.481855926737;
28551.9395532536;56517.70460816677;-28792.332564870427;-11454.821998455764;-19654.402989673974;-6152.74234446792;-34235.07174671552;-19200.59552199787;6381.69126292363;-2620.719685640298;-10657.222349312586;-16384.85686598502;-12870.670899232735;-20983.638880686627;-18049.10070289382;-32364.186032317408;
28537.99206471349;55709.93491529643;-28828.274169954562;-11428.469291742957;-19550.66854365689;-5964.026566031763;-34266.61005814196;-19186.67038520222;5410.418559362717;-3143.9963750834913;-11368.253692180358;-16465.39020125749;-12724.646952706213;-20834.105710280623;-17996.50704819048;-32218.0056235797;
28531.51005882145;56765.22782626484;-28822.127440229353;-11468.881245718152;-19645.55169886967;-6120.220556285448;-34260.46332841674;-19218.588676284395;6326.638916330209;-2637.4611422373227;-10689.49826830605;-16360.493464528736;-12887.12178315184;-20993.317186035776;-18042.842214446333;-32366.22004106284;
28568.56925112835;55505.997598886206;-28787.571643301446;-11400.909590829562;-19548.902755844923;-5992.636798934555;-34228.92501699031;-19162.150521534746;5493.835269669923;-3083.199630165056;-11318.185784600471;-16464.093800079085;-12717.114414824775;-20825.45558517642;-17995.858847601277;-32205.175722262353;
28528.246704130976;56942.81243596225;-28819.847562294908;-11457.12422813466;-19619.10958517904;-6061.3684131346245;-34247.07463348802;-19220.309760607455;6220.758702845419;-2700.448358112378;-10744.327097454918;-16359.912319172898;-12860.120875849829;-20971.05484855829;-18021.04926360241;-32351.289075766694;
28558.22039344554;55347.09904755343;-28759.855480176866;-11401.669550141043;-19561.687953673358;-6025.8514911951415;-34205.29922310105;-19148.068922527902;5572.781631086067;-3048.979109403981;-11254.84094081413;-16443.753712624755;-12706.832612375334;-20816.716053094395;-17989.265082986964;-32194.245719223705;
28487.566529222317;57101.64393206167;-28832.833925823445;-11474.133905665149;-19604.31273034963;-6016.039075379262;-34260.39627318338;-19222.768452497538;6096.773576351831;-2771.415146757978;-10814.086891899931;-16345.003705621208;-12853.59416646888;-20962.33766822072;-18012.04151058692;-32339.7332238833;
28540.674274048124;55341.645221906336;-28753.820509173933;-11409.82793686723;-19577.512988747716;-6061.591930579178;-34175.39258901985;-19138.100044500836;5676.5384288476025;-3002.152204770113;-11178.621492221535;-16450.325125494615;-12710.207725788085;-20820.851125818626;-17999.055147058385;-32195.586823891026;
28456.63171489617;57288.392756985755;-28857.063216812996;-11498.005568743416;-19603.530419293693;-5998.045921092739;-34303.78100917113;-19244.896679508292;5975.247141748327;-2846.405249405533;-10898.82235513;-16355.643135981934;-12851.068419345429;-20961.71181937597;-18015.48367923304;-32326.25512197675;
28533.298198377874;55375.99985313414;-28744.67864569171;-11423.060169584773;-19611.755861253245;-6116.979553339428;-34164.775510403575;-19145.476120171086;5809.821881034599;-2938.2932708613007;-11102.312636651115;-16500.437736563414;-12740.203766847108;-20854.110521568124;-18035.33202830935;-32228.622702195968;
28450.127357259677;57371.943577759695;-28865.13219656136;-11488.237856416448;-19588.51004701973;-5953.118914737573;-34309.12307609595;-19251.311630166965;5829.983154533285;-2934.694640003996;-11005.03784478162;-16352.245670824728;-12840.45134072916;-20954.13457800562;-18011.639179186725;-32311.59237761407;
28565.730579582523;55461.71879312024;-28727.959540839143;-11411.951352590484;-19622.88702999199;-6156.564492769778;-34167.14479531584;-19140.536384646464;5964.138324754039;-2856.821162321706;-10996.030091766132;-16461.076314577618;-12765.662403781702;-20877.93748115748;-18041.27759233446;-32244.872420414977;
28456.989342807454;57365.14864744528;-28858.5607836915;-11473.21748414248;-19565.48775023076;-5916.193832897406;-34285.63139267342;-19242.102711451378;5712.32357172055;-3001.124024525169;-11088.722776022289;-16377.14551414794;-12819.68657013018;-20932.967476006448;-18007.124126806753;-32304.708040321835;
28570.60325987378;55561.69814606883;-28709.072316774407;-11411.817242123752;-19634.666399319936;-6181.88901923764;-34154.024321320576;-19130.45574789712;6079.96506452144;-2798.058426148704;-10902.845669131955;-16443.530195180203;-12763.38252584726;-20870.807274676237;-18027.598324727813;-32249.29806581713;
28465.43830221156;57287.85631511883;-28863.500519216126;-11483.588693569744;-19559.899814116932;-5894.199716353383;-34292.80630264358;-19244.67316206374;5587.354968470928;-3069.2968451138554;-11172.899445640975;-16394.468116100805;-12799.413537909215;-20908.380557105607;-17992.103754532785;-32283.496234833747;
28588.819931604856;55737.62872667656;-28708.78174409649;-11416.086425314716;-19642.60126860157;-6194.383644388157;-34137.66284437929;-19130.12047173029;6213.404978919623;-2723.1130269900596;-10804.877973184344;-16427.749863594756;-12787.05302322543;-20891.884969697592;-18027.66537996118;-32269.05700791562;
28487.58888096677;57142.16764475914;-28848.122519030872;-11463.6062340267;-19533.68121787086;-5869.6575009414555;-34273.40498845637;-19227.79759499998;5489.834307412423;-3118.001296281969;-11243.84388254212;-16374.508008302213;-12774.133714930264;-20878.295109068767;-17967.002745509475;-32238.81509766759;
28589.33402172733;55954.5077031264;-28723.06450880343;-11427.93284987603;-19656.571108886135;-6208.174670717081;-34145.59771366092;-19147.331314960877;6299.190974139092;-2668.0830321410936;-10727.138605968787;-16413.176526209896;-12808.756567091534;-20915.10843218666;-18029.386464284238;-32277.930650464376;
28511.795820211868;56953.384811089614;-28855.789167379044;-11478.380737111656;-19552.59079368005;-5902.514565290758;-34302.015221359165;-19238.459377105162;5411.804367518946;-3162.1012880922904;-11314.877726421086;-16426.989904283273;-12761.750848502023;-20873.75770494434;-17988.661585886668;-32247.37581579397;
28615.306748784395;56188.03872919545;-28733.659235675244;-11452.966803665973;-19669.736286370313;-6223.530319157877;-34166.7648156601;-19166.21853902561;6374.941036098127;-2645.5971772190546;-10688.112460149821;-16417.848040801055;-12837.009172083042;-20947.76433083586;-18054.062790162898;-32317.649700361457;
28564.65769584867;56719.87613676502;-28837.7066061147;-11469.440039329535;-19547.069912799587;-5913.019885184752;-34288.11243630796;-19222.589638541896;5366.318567552396;-3199.451053077108;-11366.622014835122;-16438.54575616667;-12739.734380213546;-20853.08234132318;-17984.41475444016;-32224.532332960647;
28640.72068223008;56453.13041843539;-28753.887564407298;-11465.886111961141;-19664.684792123415;-6201.5362026138555;-34166.29542902654;-19178.98138510959;6385.915742625683;-2639.3386887715687;-10660.642166214247;-16421.133747235985;-12846.821587898921;-20962.404723454085;-18052.967554684587;-32325.271645220717;
28608.645928936712;56504.025340560125;-28842.42282419477;-11466.020222427873;-19553.440159969352;-5933.292917405715;-34268.55465990957;-19226.165917654744;5347.610157443304;-3201.999151945013;-11384.34694818818;-16446.570032426123;-12742.818920948377;-20857.150358814044;-17997.75874587998;-32222.923007359866;
28663.497109830038;56740.12681724153;-28769.511433781558;-11466.243739872425;-19670.764466615256;-6187.432251862557;-34188.893042670854;-19200.886094675792;6398.991513132038;-2616.2716884936917;-10644.794779395435;-16409.846116286055;-12883.433745316714;-20996.133505837144;-18069.776066514976;-32357.45815723636;
28680.618546082802;56266.09102083338;-28796.400582361293;-11431.017390610861;-19543.180709264365;-5944.424086144458;-34236.4799066162;-19190.31371954843;5361.691756450147;-3188.5657535273735;-11384.97279703293;-16437.20465149935;-12705.536211196926;-20818.235971717357;-17977.08338225882;-32178.621849849445;
28704.981947539087;56985.43721263853;-28780.93317519822;-11472.479876575457;-19660.437960676903;-6151.445943289512;-34190.010629893615;-19213.1348506373;6343.6485938606975;-2650.089877854571;-10666.654785472725;-16389.058993942617;-12868.078096875919;-20980.53198820734;-18044.697409236123;-32343.041282062684;
28745.639770703292;56039.131407634195;-28787.191663645706;-11435.398332524102;-19559.87746237248;-5992.256819278815;-34223.515894832126;-19188.816152669926;5406.484652338583;-3153.6970321770946;-11357.301337397259;-16470.97813737132;-12715.236868290529;-20825.83556483216;-17995.56827492336;-32191.719972100258;
28764.974029657133;57200.61745650977;-28808.17995168924;-11481.666443546586;-19651.40785591696;-6125.272050532348;-34221.39247910887;-19232.357350868864;6249.011307836928;-2692.379378364012;-10716.387416885784;-16385.86269448551;-12872.995480656085;-20983.370659753164;-18042.886917935244;-32352.65253217847;
28849.28480974255;55885.39610927059;-28783.54832929949;-11431.956163877985;-19579.05525911513;-6036.490921555868;-34192.33521131697;-19183.094106089367;5476.982054350621;-3099.426996639609;-11306.786394928266;-16483.7409834553;-12721.09302533782;-20832.02699804628;-18011.907400120188;-32200.9512425603;
28870.317801274992;57409.94154333372;-28833.45977466819;-11492.529391351867;-19644.724684324825;-6096.6394658850995;-34251.16500272334;-19247.8918132653;6171.383699343646;-2711.288954173202;-10755.994708060589;-16380.252406627227;-12886.36182384036;-20993.898331391614;-18049.95006918312;-32361.995561360785;
28982.434151462814;55743.976622101865;-28748.21022131565;-11411.079634556727;-19579.792866682157;-6062.620110824122;-34148.503440440116;-19156.048495298444;5587.578485915481;-3030.4495132505317;-11230.745760291311;-16481.46110552086;-12723.104682338797;-20830.328265467677;-18017.8529641453;-32209.355498475496;
28926.331272879994;57537.43589370679;-28837.79601309252;-11488.886057005651;-19624.943390481876;-6046.996241449862;-34248.460441644245;-19251.155167955778;6042.257671625337;-2785.6532079760086;-10833.868185742878;-16375.133857146962;-12865.373535796827;-20973.178264281545;-18033.432130030647;-32340.671997150424;
29065.113254202995;55675.4908770908;-28728.853610617356;-11405.670512398543;-19593.0250993997;-6099.321675219736;-34132.6560536213;-19146.1690242492;5704.9474960502985;-2956.800515270295;-11143.35043947106;-16480.65644272047;-12731.397179531716;-20839.2689632498;-18021.965685125077;-32204.974556562254;
29004.964709873762;57590.409528065866;-28833.88445781284;-11473.642167287133;-19596.400212812452;-5993.083833823662;-34245.55471486506;-19238.638191060807;5905.330885092126;-2857.5587698887316;-10918.603648972947;-16357.14070286044;-12842.77592215251;-20951.608830882175;-18010.9015716197;-32315.325118938104;
29107.603920412534;55635.10127486006;-28708.021784785007;-11391.25363722487;-19606.994939684268;-6135.129169837138;-34107.21976843116;-19129.49462288554;5816.572107860102;-2901.725816932418;-11056.402153539915;-16468.206521058863;-12732.961801643587;-20840.475957450388;-18016.84713564481;-32210.47308569826;
29007.803381419588;57589.04607165409;-28829.36940543287;-11466.355498594701;-19572.416791011907;-5944.871121033564;-34224.92405473281;-19237.61001081586;5752.243787317728;-2946.116381420658;-11018.650057154902;-16370.439990811348;-12816.222049739607;-20924.09383345769;-17991.679071388135;-32298.136627451975;
29121.596112441555;55676.45200210238;-28686.027668240986;-11389.86782906864;-19610.59357054157;-6152.608234001188;-34077.08961690541;-19122.185602448655;5948.022717001762;-2836.011688233815;-10959.529693070614;-16458.125884309517;-12741.455464536604;-20846.689742408962;-18014.254333287994;-32224.308815516095;
29058.899469244418;57530.99859130366;-28840.455870682705;-11466.377850339157;-19557.351715249028;-5917.870213731553;-34228.902665245856;-19248.47295862114;5615.898146140355;-3027.9684696159925;-11109.398139643448;-16355.889005170942;-12791.165744205207;-20898.165809889535;-17975.898739802687;-32272.320362606093;
29191.19944467538;55795.85502098263;-28698.768162580513;-11406.296361243292;-19643.025951746222;-6204.7101503265085;-34085.82914898743;-19147.510128916518;6076.165267964037;-2761.73684140883;-10862.05373550102;-16460.606927944056;-12775.00543296402;-20882.094905626167;-18038.46127253309;-32256.09299613154;
29083.79931256763;57415.9541625922;-28846.89317308583;-11459.26999560237;-19551.04852331263;-5897.619533255045;-34213.74818250516;-19242.035656218013;5492.672978958247;-3085.3901011216763;-11202.046120410696;-16386.33208111907;-12779.520485343992;-20888.57691151821;-17989.242731242506;-32272.946211450842;
29181.789360259696;55966.53294164335;-28704.26669171652;-11412.621904924144;-19659.074504265132;-6217.383589432668;-34076.24025061611;-19148.98534405057;6187.275789651369;-2694.905125487462;-10783.80027816299;-16444.781892869698;-12802.162802477218;-20907.374728605122;-18053.369886084784;-32292.503987849235;
29057.51366108819;57239.66595407319;-28830.08466125544;-11448.116475119172;-19543.270116242187;-5878.419384767936;-34201.141798632365;-19234.726635781128;5402.483690081083;-3129.8030173543716;-11280.701909148922;-16396.412717868414;-12761.57203454638;-20866.873367652104;-17984.861789329265;-32255.04246414214;
29072.891661273443;56182.76371750399;-28696.667098601712;-11409.82793686723;-19661.64495487749;-6208.420539906089;-34050.44633751468;-19154.59563190885;6273.553523248855;-2640.1880550608703;-10717.661466319736;-16433.53896540868;-12825.028637054997;-20929.972342249435;-18055.023915174475;-32305.378592655492;
28944.592648099977;57029.82777712677;-28805.810666776975;-11420.892050372608;-19525.165203233388;-5874.708995188355;-34173.29152504105;-19214.922990193725;5333.908538092201;-3165.0517183603906;-11336.24599412036;-16380.140647904951;-12734.481720266549;-20841.191213272956;-17966.443951898094;-32219.346728247016;
29001.16491331636;56408.13635684686;-28703.707898105135;-11409.91734384505;-19658.023972275732;-6211.303914940824;-34058.69413121869;-19164.273937258;6320.447483116089;-2619.6020984175325;-10671.505114019528;-16400.72660454829;-12824.11221553233;-20931.71577831695;-18039.176528355663;-32312.35233692555;
28914.7754209966;56796.788489435734;-28798.479294595636;-11416.175832292538;-19526.99804627872;-5888.969408150841;-34164.30612377002;-19216.644074516782;5296.223496940554;-3179.178020856145;-11370.175942203516;-16421.133747235985;-12732.51476675448;-20837.860803349115;-17978.46919041505;-32218.072678813063;
28905.454743558737;56671.05992687463;-28718.191828512172;-11420.936753861519;-19655.677039107926;-6183.163068671593;-34068.14891912328;-19180.054268843447;6344.989698528016;-2600.7372260972534;-10645.465331729094;-16391.182409665875;-12838.68555291719;-20946.177356979533;-18041.165833612184;-32337.87802909351;
28818.975844261153;56543.34205905701;-28773.713561739158;-11407.659817655065;-19527.556839890105;-5912.081111917629;-34121.52488488256;-19193.04063237198;5291.596685838304;-3185.101233136801;-11388.146744745582;-16431.415549685426;-12716.555621213392;-20823.868611320093;-17980.100867760288;-32201.241815238216;
28803.50843709808;56926.00392413187;-28730.820564129423;-11427.843442898207;-19649.150329726974;-6160.051364904805;-34089.003096700086;-19193.912350405735;6329.991677998505;-2623.4018949749347;-10645.331221262362;-16359.845263939533;-12846.39690475427;-20953.53108090533;-18031.688693963133;-32335.68755813689;
28751.272410306028;56301.87616370633;-28775.7922739735;-11408.196259521992;-19547.226375010774;-5961.456115419402;-34147.49761193962;-19201.333129564897;5327.001849055511;-3167.4210032726533;-11373.238131193893;-16447.933488837898;-12706.474984464048;-20813.229180959366;-17985.88996957421;-32209.6013676645;
28716.515447678026;57162.485380469014;-28768.617364003345;-11447.445922785511;-19645.998733758777;-6133.16221632507;-34096.4462276037;-19223.05902517546;6290.227924612514;-2643.4290580068896;-10671.058079130422;-16378.218397881796;-12861.998422384075;-20967.143293278612;-18043.602173757812;-32368.54462248619;
28716.090764533375;56080.54919010987;-28756.16744234174;-11401.960122818962;-19546.175843021374;-5995.073139080184;-34111.17602719975;-19183.719954934117;5410.731483785091;-3124.192729496089;-11339.039962177272;-16451.107436550552;-12700.350606483295;-20807.2612651898;-17993.333100477827;-32204.773390862156;
28648.230868367064;57374.58108360542;-28812.024451735553;-11472.993966697928;-19647.205727959365;-6115.683152161021;-34116.540445869025;-19251.57985110043;6220.669295867598;-2697.967314477839;-10726.021018746022;-16378.263101370705;-12861.327870050416;-20967.187996767523;-18040.42822604516;-32368.164642830452;
28684.843025784856;55915.19098462952;-28752.010017873054;-11400.30609372927;-19571.925052633887;-6039.553110546245;-34085.2480036316;-19174.376925751796;5513.795377468512;-3073.1860486490787;-11287.787412141253;-16468.027707103218;-12718.924906125654;-20820.649960118528;-18013.13674606523;-32221.067812570076;
28592.41856246216;57541.03452456409;-28824.139097230327;-11470.311757363292;-19637.527422610216;-6075.941750519485;-34162.38387374686;-19261.28050819403;6127.931908122529;-2744.7495156227965;-10793.880914912334;-16368.987127421753;-12865.239425330094;-20967.232700256434;-18039.377694055762;-32375.384256289515;
28648.007350922508;55794.17864014848;-28724.49502044857;-11388.191448234493;-19585.894892918455;-6080.814430810742;-34066.204317355674;-19160.004754067035;5625.196471833762;-2997.480690178954;-11213.467861827357;-16484.009204388763;-12725.295153295418;-20825.366178198597;-18028.13476659474;-32234.255341798707;
28488.59470946726;57633.615450097976;-28821.99332976262;-11461.304004347803;-19613.34283510957;-6024.488034783368;-34171.346923273435;-19255.46905463565;5997.017740847796;-2809.122539654081;-10877.990529297655;-16362.639231996445;-12841.144244807274;-20944.970362778946;-18022.837403158832;-32350.77498564422;
28378.04298139131;55716.39456944401;-28710.59223539737;-11388.906704057063;-19602.0775559041;-6122.746303408898;-34053.86615441634;-19153.1204167748;5741.09026683453;-2945.3564221091774;-11141.137616769984;-16470.17347457093;-12719.528403225948;-20824.561515398207;-18026.659551460692;-32228.9579783628;
28204.0570025512;57675.36850874049;-28842.93691431724;-11477.441963844534;-19601.362300081528;-5991.85448787862;-34193.89983342884;-19266.779037330038;5860.11330605904;-2891.1087383161475;-10974.527713600126;-16379.581854293569;-12840.6301546848;-20943.696313344994;-18026.257220060495;-32346.952837342364;
28255.466014798407;55724.68706663693;-28699.706935847633;-11386.850343567176;-19607.240808873274;-6142.192321085015;-34028.049889570466;-19139.619963123794;5865.276559028216;-2880.1787352775023;-11047.483807502247;-16470.866378649043;-12741.56722325888;-20844.588678430162;-18035.264973075984;-32244.80536518161;
28083.08936155908;57673.043927317136;-28851.56468767699;-11469.775315496365;-19581.133971349474;-5951.554292625701;-34201.834702710476;-19265.661450107273;5706.825042584544;-2975.4865736349316;-11067.823894956577;-16360.851092440022;-12818.144299762762;-20921.009292722858;-18002.542019193414;-32311.34650842506;
28125.580027768618;55817.29034391527;-28711.68747087568;-11404.35175947568;-19641.036646489698;-6196.037673477849;-34043.763165922544;-19157.50135868804;6009.311200298214;-2790.771757456274;-10940.061323650041;-16468.31827978114;-12780.995700478043;-20879.90443466955;-18054.554528540913;-32276.14251090795;
27984.45111327781;57580.753574461174;-28849.262457998095;-11466.087277661238;-19565.48775023076;-5925.201585912894;-34188.15543510383;-19265.1473599848;5591.8700208509;-3032.6176324626963;-11158.97430884532;-16379.514799060202;-12807.974256035597;-20909.498144328376;-18005.246580272506;-32300.371801897505;
28063.55393690514;55913.87223170665;-28713.45325868765;-11418.232192782425;-19661.51084441076;-6232.895700084651;-34066.18196561122;-19167.224367526098;6105.378997967124;-2745.35301272309;-10863.998337268631;-16460.24930003277;-12792.886828528266;-20893.56135053174;-18052.833444217857;-32286.29020289066;
27976.806816674092;57428.04645634252;-28839.561800904492;-11453.145617621616;-19551.316744246094;-5909.845937472098;-34212.56354004902;-19251.82572028944;5462.140496032298;-3105.529022875908;-11245.520263376267;-16394.73633703427;-12781.599197578336;-20879.50210326935;-17988.415716697662;-32273.34854285104;
28080.205986524343;56095.92719029513;-28701.78564808198;-11399.680244884521;-19644.79173955819;-6204.866612537696;-34040.008072854056;-19149.678248128683;6225.653734881132;-2686.7914422501854;-10774.010214091566;-16433.6283723865;-12804.53208738948;-20896.84705696667;-18037.746016710524;-32292.146359937953;
27986.194549345324;57245.835035542856;-28839.830021837955;-11450.93279492054;-19537.860994084;-5895.116137876051;-34205.81331322352;-19238.682894549715;5402.461338336628;-3153.138238565712;-11303.970075126896;-16386.91322647491;-12755.157083887707;-20846.04154181976;-17965.236957697507;-32241.09497560203;
28044.063215740112;56318.95289647018;-28728.29481700597;-11430.413893510568;-19675.815960862157;-6236.941365831061;-34085.06918967595;-19182.110629333332;6309.338666121801;-2651.8780174109957;-10712.028826717;-16423.05599725914;-12822.7264073761;-20917.34360663219;-18040.42822604516;-32310.385383413482;
27959.95360135479;57028.01728582589;-28836.6560741253;-11448.965841408473;-19545.95232557682;-5911.187042139416;-34202.28173759958;-19237.9899904716;5333.0368200584435;-3181.8602301907817;-11359.223587420414;-16435.81884334312;-12754.7100489986;-20851.763588400318;-17984.302995717884;-32237.831620911555;
27995.023488405168;56567.45959132428;-28743.49400323558;-11440.807454682286;-19683.32614699914;-6232.85099659574;-34099.41900961626;-19187.989138125078;6328.427055886634;-2626.5087874542223;-10675.103744876831;-16417.646875100956;-12850.219053056127;-20949.932450048025;-18052.319354095383;-32336.49222093728;
27934.38320569792;56793.41337602298;-28827.76007983209;-11437.119416847161;-19548.43336921136;-5919.948925965897;-34187.52958625908;-19216.152336138766;5279.996130466;-3186.755262226494;-11392.952369803474;-16447.620564415523;-12741.276650580961;-20842.353503984632;-17989.823876598344;-32223.23593178224;
27945.089691292014;56829.511443318304;-28764.45993953466;-11449.88226293114;-19682.543835943205;-6206.632400349665;-34122.86598954988;-19198.539161507986;6319.374599382234;-2613.544775670144;-10658.854026657824;-16400.570142337103;-12862.199588084173;-20961.77887460934;-18049.81595871639;-32344.807069874656;
27908.52223736313;56554.33911732902;-28819.71345182818;-11431.68794294452;-19560.078628072577;-5952.22484495936;-34175.48199599767;-19212.888981448294;5279.213819410064;-3175.8923144212145;-11393.891143070596;-16462.39506750048;-12729.094949852819;-20830.238858489854;-17991.142629521208;-32214.27288225566;
27917.775859567628;57072.586664269766;-28778.07215190794;-11449.234062341937;-19669.22219624784;-6177.418670346578;-34129.99619603112;-19214.453603560163;6287.411604811145;-2627.4699124658005;-10671.594520997349;-16389.260159642716;-12866.044088130486;-20968.685563646028;-18044.116263880285;-32347.77985188721;
27903.068411716034;56310.34747485489;-28799.060439951474;-11405.536401931811;-19551.987296579755;-5976.789412115742;-34154.650170165325;-19190.336071292888;5299.933886520134;-3164.0682416043574;-11391.745375602886;-16456.762427897746;-12714.409853745683;-20816.380776927566;-17987.56635040836;-32194.268070968163;
27888.763295264638;57304.128385082295;-28806.12359119935;-11449.770504208864;-19657.08519900861;-6134.436265759024;-34152.973789331176;-19223.37194959783;6199.546897357332;-2680.4882503137887;-10715.493347107571;-16376.273796114183;-12872.302576577971;-20971.166607280567;-18033.052150374908;-32342.862468107043;
27896.541702335086;56121.743455141004;-28802.167332430763;-11413.471271213446;-19585.738430707268;-6023.593965005156;-34147.296446239525;-19193.062984116434;5363.859875662312;-3126.271441730433;-11343.666773279521;-16467.714782680843;-12729.273763808462;-20825.232067731868;-17997.624635413245;-32193.50811165668;
27848.016065122614;57520.090940009475;-28854.51511794509;-11487.813173271797;-19669.8927485815;-6116.331352750225;-34195.57621426299;-19253.05506623448;6122.746303408898;-2704.806948281163;-10761.292071496497;-16382.353470606027;-12895.190762900205;-20993.451296502506;-18044.518595280482;-32357.12288106953;
27932.61741788595;55966.39883117662;-28778.27331760804;-11407.033968810318;-19589.91820692041;-6058.395631122069;-34114.931120268244;-19168.006678582035;5465.135629789309;-3054.6341007511737;-11288.413260986003;-16479.02476537523;-12734.61583073328;-20834.865669592105;-18011.32625476435;-32196.23502448023;
27883.153007406356;57660.594005655534;-28867.769702407088;-11489.668368061588;-19647.07161749263;-6068.140991704583;-34209.21077838073;-19263.53803438402;5992.346226256636;-2777.5842282276426;-10846.76514229359;-16365.634365753456;-12872.526094022525;-20973.401781726097;-18022.41272001418;-32334.54761916967;
27977.656182963394;55874.08612657621;-28775.613460017856;-11421.473195728446;-19620.093061935077;-6120.242908029903;-34144.61423690489;-19176.477989730596;5575.419136931794;-2989.4564139194986;-11211.545611804202;-16489.664195735957;-12748.630374506758;-20847.986143587368;-18025.676074704657;-32217.268016012673;
27920.547475880085;57744.837730507585;-28874.408170510313;-11493.222295429981;-19622.79762301417;-6017.2237178353935;-34223.89587448786;-19268.522473397552;5878.419384767936;-2839.2973946687457;-10929.377189800405;-16401.10658420403;-12870.290919576993;-20974.564072437774;-18033.655647475203;-32341.275494250716;
28116.32640556412;55830.85785279964;-28775.7922739735;-11436.515919746867;-19650.69260009439;-6173.842391233729;-34151.90090559732;-19187.40799276924;5730.160263795885;-2918.6237357406303;-11121.982171771786;-16487.87605617953;-12768.881054983265;-20870.203777575945;-18039.28828707794;-32235.060004599098;
28179.559490628184;57773.649129110476;-28895.15058936484;-11502.207696701014;-19617.63437004499;-5991.005121589318;-34237.64219732788;-19284.191046260723;5768.024118903175;-2890.7734621493178;-11014.872612341955;-16391.20476141033;-12875.521227779536;-20975.72636314945;-18032.448653274616;-32336.5816279151;
28323.08004177571;55844.93945180649;-28753.529936496016;-11413.515974702355;-19648.144501226485;-6189.6227228191765;-34105.52103585256;-19168.476065215596;5869.277521285716;-2823.829987505673;-11024.193289779818;-16475.87316940703;-12786.33776740286;-20886.677013239507;-18044.540947024936;-32242.927818647364;
28194.222234990866;57716.54042202717;-28890.590833495957;-11491.32239715128;-19593.06980288861;-5961.389060186036;-34254.07072950253;-19272.858711821882;5623.117759599419;-2970.278617176845;-11114.941372268364;-16384.588645051557;-12838.663201172734;-20938.8906882871;-18006.498277962004;-32299.030697230188;
28159.71114155187;55914.743949740405;-28737.97312235512;-11409.179736278027;-19651.765483828247;-6209.985162017962;-34095.75332352559;-19152.963954563613;5991.228639033871;-2761.155696052992;-10935.009829403143;-16475.49318975129;-12797.692453586156;-20895.57300753272;-18048.13957788224;-32260.362179322507;
28022.15850617391;57612.135423676424;-28889.272080573093;-11474.670347532076;-19579.479942259783;-5934.611670328578;-34254.741281836184;-19267.67310710825;5520.433845571738;-3036.1715598310902;-11201.353216332582;-16393.216418411306;-12817.741968362567;-20914.28141764181;-17995.70238539009;-32279.316458620604;
28115.164114852443;56066.042907958385;-28749.43956726069;-11428.31282953177;-19677.6935073964;-6240.048258310349;-34113.03122198954;-19173.907539118238;6130.480006990434;-2689.071320184627;-10841.937165491243;-16473.4368292614;-12824.134567276784;-20921.501031100874;-18058.510787309504;-32288.72654303629;
28014.983596203758;57457.32724157897;-28876.196310066738;-11479.230103400958;-19571.81329391161;-5932.711772049877;-34262.05030227307;-19263.180406472733;5425.863614781334;-3066.4134700791205;-11274.733993379354;-16418.16096522343;-12807.124889746296;-20908.000577449868;-18005.023062827953;-32270.643981771947;
28113.957120651856;56230.954078549636;-28742.68934043519;-11432.425550511545;-19675.7936091177;-6251.581758449288;-34117.32275692496;-19167.403181481743;6204.352522415224;-2635.9635753588173;-10779.888722883312;-16459.757561654755;-12832.874099358809;-20932.699255072985;-18058.890766965244;-32297.622537329502;
28041.716282572306;57249.65718384471;-28871.010705353106;-11460.901672947606;-19559.74335190575;-5916.774978253243;-34226.511028589135;-19251.2445749336;5321.078636774854;-3125.6455928856844;-11351.668697794521;-16422.20663096984;-12777.709994043113;-20873.690649710974;-17987.633405641725;-32227.23689403974;
28138.61109478606;56463.345165651466;-28752.032369617507;-11436.35945753568;-19693.71970817086;-6257.683784685587;-34121.54723662701;-19189.777277681504;6268.122049346215;-2599.977266785773;-10720.611896587838;-16447.888785348987;-12864.613576485346;-20960.10249377519;-18064.94808971263;-32309.29014793517;
28051.03696001017;57019.56832642178;-28858.7619493916;-11453.950280422006;-19563.140817062955;-5933.069399961162;-34230.06495595753;-19243.75674054107;5260.214836623053;-3149.3160902638547;-11395.791041349297;-16450.615698172536;-12767.629357293768;-20864.593489717663;-17993.914245833665;-32217.692699157324;
28107.22924557081;56696.00447368676;-28763.252945334072;-11438.795797681309;-19688.288234268217;-6234.952060574539;-34122.486009894135;-19199.61204524184;6280.303750074358;-2595.2834004501583;-10692.8733817188;-16418.093909990064;-12869.128628865317;-20964.1481595216;-18058.846063476332;-32321.38244168549;
28049.137061731468;56769.94404434491;-28839.6065043934;-11448.541158263823;-19567.812331654113;-5954.7058885938995;-34208.24965336915;-19235.039560203502;5228.832987407803;-3176.853439432793;-11416.935791604017;-16452.44854121787;-12753.324240842372;-20847.44970172044;-17991.924940577144;-32197.50907391418;
28108.32448104912;56948.445075564996;-28772.975954172132;-11453.816169955275;-19680.12984754203;-6201.625609591676;-34118.46269589218;-19203.74711796607;6263.5846452217875;-2613.969458814795;-10680.78108796848;-16408.28149417418;-12880.528018537525;-20974.608775926685;-18054.10749365181;-32323.192932986374;
28084.050486570657;56538.87171016595;-28821.970978018166;-11437.968783136463;-19569.98045086628;-5977.392909216036;-34193.87748168439;-19219.482746062607;5236.857263667258;-3179.781517956438;-11409.582067678222;-16449.855738861053;-12741.701333725612;-20833.479861435873;-17989.622710898246;-32183.60628886298;
28079.580137679593;57200.61745650977;-28803.799009776;-11486.874400004674;-19689.539931957715;-6199.8374700352515;-34168.17297556078;-19232.0891299354;6231.778112861885;-2634.421304991401;-10692.627512529793;-16406.158078450928;-12895.056652433474;-20983.840046386726;-18053.369886084784;-32346.72931989781;
28107.475114759818;56303.35137884038;-28798.680460295735;-11439.64516397061;-19576.864788158513;-6023.750427216342;-34168.57530696098;-19196.303987062453;5293.47423237255;-3142.5658634383517;-11386.783288333809;-16479.44944851988;-12737.432150534649;-20823.55568689772;-17995.45651620108;-32186.668477853356;
28056.17786123489;57403.03485429703;-28830.59875137791;-11503.28058043487;-19686.99183308981;-6179.117402925182;-34197.96785091971;-19259.894700037803;6153.144675868115;-2681.8517067255625;-10741.287260208996;-16411.56720060911;-12902.477431592635;-20991.082011590246;-18049.95006918312;-32353.859526379056;
28054.25561121173;56078.42577438662;-28773.333582083415;-11421.383788750623;-19600.57998902559;-6078.6239598541215;-34168.91058312781;-19188.302062547453;5364.597483229338;-3104.880822286704;-11349.00884020434;-16479.427096775424;-12740.293173824928;-20828.271904977788;-18004.263103516474;-32185.528538886138;
27900.229740170213;57544.543748443575;-28836.119632258375;-11494.250475674926;-19684.577844688636;-6160.766620727375;-34237.418679883325;-19271.428200176742;6041.34125010267;-2748.2363877578246;-10816.009141923088;-16403.431165627382;-12893.447326832693;-20987.48338073294;-18045.144444125228;-32349.724453654824;
27870.211347366734;55920.71186550998;-28768.34914306988;-11433.029047611839;-19631.31363765164;-6146.416800787068;-34186.590812991955;-19195.544027750973;5450.942272060189;-3061.1608101321235;-11299.790298913753;-16519.7496437728;-12746.216386105585;-20844.879251108083;-18029.878202662254;-32210.04840255361;
27763.59352631492;57667.232473758755;-28841.551106161012;-11499.503135621922;-19661.533196155215;-6120.868756874652;-34256.17179348133;-19271.204682732186;5929.26960340376;-2800.2936005942347;-10890.663968403813;-16412.930657020886;-12886.518286051547;-20986.298738276808;-18045.47972029206;-32351.847869378078;
27789.78977081654;55845.274727973316;-28742.801099157467;-11423.060169584773;-19635.471062120327;-6187.387548373646;-34155.03014982106;-19179.070792087412;5592.093538295453;-2976.5371056243307;-11202.470803555347;-16529.405597377492;-12756.900519955221;-20854.2222802904;-18038.10364462181;-32227.594521951025;
27651.253658682544;57735.00296294725;-28848.90483008681;-11495.680987320065;-19642.80243430167;-6080.5015063883675;-34289.83352063102;-19281.218264248164;5809.307790912127;-2865.985377548382;-10969.163294930851;-16400.547790592645;-12862.288995061994;-20959.409589697076;-18023.642065959226;-32328.35618595555;
27501.83224699882;55793.99982619284;-28732.87692461931;-11421.897878873096;-19660.66147812146;-6229.788807605363;-34153.82315562048;-19175.807437396936;5713.508214176681;-2907.8725466576275;-11121.311619438127;-16517.335655371626;-12768.38931660525;-20864.70524843994;-18043.17749061316;-32241.00556862421;
27212.086583624674;57724.0282564197;-28864.77456865008;-11501.067757733794;-19634.17466094192;-6048.270290883815;-34278.61294491446;-19288.281415496043;5659.5734548060245;-2945.8034569982838;-11075.132915393462;-16412.885953531975;-12855.918747892232;-20950.781816337327;-18018.07648158985;-32326.500991165758;
27213.964130158918;55824.26408818532;-28719.287063990483;-11424.31186727427;-19675.078353295132;-6260.455400998045;-34139.965074058186;-19176.32152751941;5842.231910494794;-2837.5316068567763;-11022.762778134678;-16494.6933382384;-12778.67111905469;-20870.51670199832;-18034.23679283104;-32243.7101297033;
27022.00734877674;57656.41422944239;-28860.728902903666;-11502.922952523584;-19625.25631490425;-6020.196499847949;-34276.556584424565;-19295.925712099757;5537.108246935398;-3009.6847426515515;-11158.840198378588;-16430.186203740384;-12837.389151738782;-20936.454348141473;-18011.236847786528;-32308.776057812698;
27069.035419110707;55903.12104262365;-28696.44358115716;-11424.580088207733;-19686.9471296009;-6283.38829080919;-34103.263509662575;-19175.13688506328;5966.172333499472;-2768.867047890073;-10930.695942723269;-16504.349291843093;-12782.873247012289;-20890.342699330176;-18044.317429580384;-32262.61970551249;
26890.46733265726;57508.93741952627;-28844.725053873666;-11487.433193616056;-19602.03285241519;-5999.185860059961;-34273.11441577845;-19281.642947392815;5397.476899323095;-3090.106319201746;-11250.549405878712;-16422.832479814588;-12784.86255226881;-20894.56717903223;-17984.45945792907;-32265.23485961376;
26911.366213722973;56051.357811851245;-28716.15781976674;-11444.495492517412;-19711.064661868175;-6311.685599289608;-34113.0982772229;-19196.683966718196;6064.9446922474735;-2714.0829222301154;-10843.658249814302;-16496.190905116906;-12799.301779186939;-20909.90047572857;-18049.592441271834;-32286.04433370165;
26738.00608372761;57332.04571390698;-28847.29550448603;-11495.099841964227;-19610.146535652464;-6000.415206005002;-34259.88218306091;-19291.34360448642;5316.273011716964;-3115.0285142694133;-11314.85537467663;-16447.55350918216;-12788.639997081757;-20896.288263355287;-17998.921036591655;-32266.844185214544;
26759.284944449064;56222.39336042325;-28723.668005903724;-11462.287481103836;-19732.321170845174;-6332.20450069958;-34118.574454614456;-19217.247571617077;6150.753039211398;-2651.1851133328814;-10778.793487405;-16487.16080035696;-12820.088901530375;-20926.016083480845;-18050.57591802787;-32313.358165426038;
26615.160896201243;57105.041397218876;-28836.521963658568;-11480.101821434715;-19609.006596685245;-6006.383121774569;-34239.787964795585;-19289.06372655198;5246.1555893606655;-3127.0314010419133;-11362.688107810987;-16471.268710049237;-12767.718764271589;-20872.304841554742;-17990.56148416537;-32254.95305716432;
26615.8314485349;56452.012831212625;-28717.655386645245;-11454.93375717804;-19724.43100505245;-6322.436788372611;-34109.36553589887;-19225.741234510093;6218.411769677612;-2587.393234657435;-10710.35244588285;-16474.129733339516;-12842.440645985682;-20944.120996489644;-18046.46319704809;-32330.703119123355;
26460.33036235933;56915.05156934876;-28809.163428445274;-11459.158236880094;-19593.516837777715;-6015.413226534513;-34216.40804009534;-19266.66727860776;5196.042978291867;-3141.180055282123;-11399.389672206602;-16461.813922144644;-12736.269859822973;-20835.022131803293;-17968.209739710062;-32226.767507406177;
26453.51308030046;56833.378295109076;-28727.11017454984;-11446.50714951839;-19712.67398746896;-6310.1880324111025;-34112.94181501172;-19222.097900163877;6222.770359846397;-2576.798507785619;-10677.383622811274;-16447.5311574377;-12835.735122649088;-20930.8887637721;-18026.100757849308;-32336.715738381834;
26335.250000387434;56933.804682946764;-28800.98268997463;-11445.367210551169;-19591.21460809882;-6028.131369129583;-34181.00287687813;-19249.054103976978;5186.0741002648;-3128.014877797947;-11389.15257324607;-16484.54564625569;-12711.839403133323;-20803.372061654576;-17957.682068071612;-32218.296196257616;
26307.377375051663;57365.796848034486;-28742.577581712914;-11459.515864791378;-19712.338711302127;-6287.366901322234;-34145.95534157221;-19240.538089339505;6215.260173709414;-2560.615844799977;-10652.036744598956;-16443.127863780006;-12839.691381417679;-20929.167679449045;-18011.438013486626;-32345.16469778594;
26253.040284280814;56980.76569804737;-28766.91863142474;-11424.73655041892;-19590.409945298426;-6047.420924594513;-34149.688082896246;-19219.50509780706;5205.408359218641;-3103.986752508492;-11377.149686473571;-16496.63794000601;-12688.615940644258;-20778.181645653447;-17944.7851115209;-32194.37982969044;
26204.60405404616;57819.559612221674;-28768.12562562533;-11472.971614953472;-19712.80809793569;-6246.4408572245675;-34146.64824565032;-19258.106560481378;6158.464391048478;-2586.4768131347673;-10680.311701334918;-16411.56720060911;-12836.852709871855;-20922.86448751265;-17988.303957975382;-32336.894552337475;
26198.85965572115;56951.999002933386;-28754.424006274225;-11416.68992241501;-19608.470154818315;-6090.8280123267195;-34150.09041429644;-19218.14164139529;5267.121525659743;-3054.142362373157;-11347.332459370191;-16515.36870185956;-12693.46626919106;-20776.862892730584;-17951.200062179574;-32195.8997483134;
26133.45845144492;58216.37013153674;-28786.78933224551;-11468.50126606241;-19691.551588958693;-6202.743196814442;-34182.880423412375;-19263.828607061936;6081.172058722027;-2615.556432671122;-10727.02684724651;-16410.874296530998;-12845.97222160962;-20925.412586380553;-17979.922053804643;-32340.73905238379;
26118.058099515212;57069.032736901376;-28749.8866021498;-11417.40517823758;-19625.971570726822;-6133.542195980811;-34163.747330158636;-19207.79278371248;5358.406050015217;-3001.727521625462;-11292.66009243251;-16505.153954643483;-12703.904533851688;-20775.097104918612;-17942.818158008835;-32186.75788483118;
26034.373168274542;58649.70340129178;-28794.970070716154;-11472.368117853179;-19681.716821398357;-6167.740364997431;-34239.855020028954;-19273.261043222075;5979.493973194835;-2666.227837351303;-10793.411528278772;-16411.7236628203;-12847.894471632777;-20921.61278982315;-17968.254443198974;-32339.196782016374;
26053.10393012809;57161.25603452397;-28725.41144197124;-11402.720082130443;-19640.768425556234;-6169.148524898115;-34150.9621323302;-19204.50707727755;5455.882007584812;-2941.444866829499;-11234.389094637525;-16524.130585686038;-12710.878278121743;-20783.657823044996;-17952.161187191152;-32204.102838528495;
25938.908867705926;58934.86695705259;-28821.121611728864;-11476.950225466517;-19671.92675732693;-6123.215690042459;-34259.88218306091;-19298.451459223208;5860.6720996704225;-2721.995439767294;-10879.242226987151;-16415.63521809998;-12857.59512872638;-20936.72256907494;-17966.667469342647;-32340.135555283494;
25997.04575503418;57246.32677392087;-28707.86532257382;-11399.389672206602;-19654.157120484964;-6217.5624033883105;-34149.93395208525;-19194.02410912801;5623.609497977436;-2841.2643481808127;-11136.041419034174;-16526.27635315375;-12750.105589640807;-20828.137794511058;-17969.260271699462;-32227.259245784197;
25880.526111188665;59074.990043042904;-28814.281977925537;-11455.581957767245;-19628.139689938987;-6067.850419026664;-34260.93271505031;-19276.323232212453;5753.987223385242;-2793.2304493463575;-10969.275053653128;-16380.72179326079;-12842.083018074396;-20910.74984201787;-17932.625762537213;-32304.372764155003;
25937.590114783063;57277.082774291375;-28689.112208975817;-11380.435392908501;-19650.893765794488;-6235.488502441466;-34112.4500766337;-19169.79481813846;5753.719002451779;-2792.8951731795282;-11049.85309241451;-16509.624303534543;-12764.880092725765;-20833.144585269045;-17966.17573096463;-32227.86274288449;
25788.660441477354;59104.56140095728;-28821.345129173416;-11455.291385089326;-19609.40892808544;-6028.734866229876;-34246.26997068763;-19278.379592702342;5611.897183882855;-2886.727796402907;-11063.62176699898;-16394.95985447882;-12837.25504127205;-20909.09581292818;-17947.82494876682;-32294.381534383483;
25867.49504417122;57339.44414132168;-28671.7672552785;-11358.329517642203;-19649.396198915983;-6250.799447393352;-34077.55900353897;-19161.882300601283;5871.713861431344;-2747.3423179796123;-10957.786257003101;-16473.68269845041;-12764.745982259034;-20838.821928360692;-17975.40700142467;-32224.353519005006;
25699.99107122315;59056.616909100645;-28816.874780282353;-11429.318658032258;-19585.045526629154;-5998.47060423739;-34244.34772066447;-19273.730429855637;5478.971359607143;-2976.2241812019565;-11153.654593664956;-16389.170752664897;-12807.10253800184;-20881.3796498036;-17934.63741953819;-32263.938458435354;
25747.354417723946;57450.7111252202;-28688.732229320078;-11393.533515159312;-19682.43207722093;-6297.425186327123;-34102.61530907337;-19181.775353166504;5993.799089646232;-2693.4746138423225;-10863.774819824079;-16469.324108281628;-12781.800363278433;-20855.384571002076;-17983.18540849512;-32246.280580315663;
25580.051610475974;58948.23330023686;-28844.36742596238;-11460.208768869492;-19598.769497724712;-6003.030360106273;-34258.69754060478;-19294.361089987888;5400.136756913275;-3015.1609200431017;-11223.213222409871;-16424.48650890428;-12810.991741537064;-20887.258158595345;-17955.46924537054;-32273.8179294846;
25640.624837949854;57588.84490595399;-28685.58063335188;-11390.225456979926;-19686.7459639008;-6313.160814423659;-34102.61530907337;-19178.623757198307;6144.4274955305455;-2605.0511127771274;-10775.396022247794;-16467.200692558374;-12821.340599219871;-20896.690594755484;-18004.93365585013;-32279.09294117605;
25496.90312110223;58760.23277762327;-28825.256684453096;-11439.086370359228;-19577.20006432534;-5996.727168169877;-34251.947313779274;-19268.410714675276;5302.52668887695;-3077.969321962514;-11309.289790307259;-16444.223099258317;-12767.517598571492;-20848.27671626529;-17938.59367830678;-32242.681949458358;
25555.710560764142;57772.77741107672;-28707.127715006798;-11402.83184085272;-19706.86253391058;-6325.811901785362;-34116.76396331358;-19196.66161497374;6190.60619957521;-2593.450557404823;-10724.881079778801;-16456.36009649755;-12829.29782024596;-20908.46996408343;-18002.005577326487;-32293.01807797171;
25467.912908543698;58557.1224757579;-28817.9029605273;-11427.93284987603;-19579.43523877087;-6000.124633327083;-34243.90068577536;-19264.96854602916;5234.756199688459;-3116.101398003268;-11362.755163044354;-16461.456294233358;-12769.462200339103;-20851.450663977943;-17951.445931368584;-32231.81900165308;
25506.737888662567;58000.80990800976;-28728.719500150622;-11422.568431206755;-19711.981083390845;-6315.418340613644;-34129.5044576531;-19224.556592053963;6242.797522878352;-2573.4010426284126;-10685.251436859542;-16444.82659635861;-12850.77784666751;-20935.00148475188;-18006.94531285111;-32316.53211313869;
25426.27160862346;58359.130723372786;-28810.50453311259;-11421.204974794982;-19585.939596407366;-6012.8204241776975;-34229.036775712586;-19258.911223281768;5234.622089221727;-3116.7719503369276;-11385.6880528555;-16463.423247745424;-12763.136656658251;-20844.78984413026;-17951.69180055759;-32220.50901895869;
25450.255030424003;58246.165006895666;-28726.707843149645;-11422.367265506658;-19704.314435042674;-6287.903343189161;-34143.65311189331;-19224.020150187036;6285.355244321257;-2551.3175191065693;-10664.888997660757;-16431.639067129978;-12868.97216665413;-20950.088912259213;-18005.715966906067;-32328.5797034001;
25384.31738428085;58143.972831246;-28783.213053132662;-11411.68313165702;-19587.01248014122;-6039.620165779611;-34226.17575242231;-19244.00260973008;5245.015650393445;-3120.7282091055167;-11404.128242031127;-16471.313413538148;-12729.273763808462;-20810.390509413544;-17936.962000961543;-32192.70344885629;
25361.429197958612;58489.06141389149;-28753.015846373542;-11438.50522500339;-19715.37854854805;-6282.360110564246;-34181.33815304496;-19257.52541512554;6272.0336046258935;-2558.559484310089;-10677.24951234454;-16434.880070075997;-12886.27241686254;-20972.44065671452;-18015.46132748858;-32359.805090404167;
25320.7266713055;57919.94129657046;-28774.607631517367;-11402.295398985792;-19604.91622744992;-6082.8484395561745;-34209.68016501429;-19238.548784082985;5288.556848592383;-3091.112147702235;-11398.763823361853;-16507.433832577924;-12731.844214420822;-20820.471146162887;-17958.196158194085;-32203.298175728105;
25258.208842064007;58709.38255898745;-28781.179044387227;-11446.50714951839;-19705.454374009892;-6248.541921203366;-34197.16318811932;-19267.918976297256;6201.022112491383;-2588.6672840913875;-10719.270791920519;-16444.02193355822;-12890.206323886672;-20979.14618005111;-18012.153269309198;-32363.56018347266;
25254.207879806505;57725.36936108701;-28757.665009220247;-11389.711366857455;-19620.294227635175;-6126.255527288381;-34193.43044679528;-19224.981275198614;5367.5479134974385;-3041.111295355713;-11355.96023272994;-16494.380413816027;-12736.694542967623;-20821.208753729912;-17956.31861165984;-32194.04455352361;
25184.358678383673;58899.37238685756;-28795.28299513853;-11449.949318164507;-19701.788687919223;-6219.082322011272;-34216.56450230652;-19288.14730502931;6135.933832637529;-2634.421304991401;-10768.265815766552;-16417.557468123134;-12888.820515730444;-20976.262805016377;-17996.819972612855;-32350.126785055018;
25186.482094106927;57570.069440611536;-28750.64656146128;-11392.840611081197;-19642.444806390384;-6178.782126758352;-34178.5665367325;-19224.958923454156;5473.562237448959;-2978.884038792138;-11297.510420979312;-16520.733120528832;-12754.687697254145;-20840.252440005832;-17979.9444055491;-32214.406992722394;
25089.05084002624;59048.860853774655;-28823.200323963207;-11468.210693384492;-19686.254225522785;-6186.381719873157;-34245.39825265387;-19301.737165658138;6028.466645296413;-2673.0451194101715;-10840.48430210165;-16424.173584481905;-12902.432728103726;-20990.165590067576;-18004.08428956083;-32357.078177580617;
25117.772831651313;57455.87437818937;-28753.73110219611;-11408.464480455457;-19660.66147812146;-6230.504063427933;-34162.249763280124;-19224.66835077624;5580.694148623246;-2899.5576977202536;-11226.342466633614;-16536.35698990309;-12773.19494166314;-20861.12896932709;-17995.45651620108;-32227.013376595187;
25039.42996733546;59129.7071134695;-28835.583190391448;-11469.46239107399;-19674.385449217018;-6162.845332961719;-34268.64406688739;-19307.280398283052;5886.108384860562;-2728.9468322928947;-10933.042875891075;-16429.783872340187;-12895.570742555947;-20987.19280805502;-18002.98905408252;-32355.580610702113;
25083.507607401327;57394.250618726095;-28731.893447863276;-11387.520895900834;-19665.645917134992;-6259.404869008645;-34135.94176005623;-19202.04838538747;5680.897019016388;-2831.8542637651285;-11151.307660497148;-16541.386132405536;-12780.43690686666;-20871.053143865247;-18004.57602793885;-32242.324321547072;
24923.580875823605;59191.08500374377;-28869.021400096586;-11473.88803647614;-19662.829597333624;-6119.751169651887;-34291.666363676355;-19324.20066883572;5731.076685318552;-2822.377124116078;-11031.412903238881;-16406.80627904013;-12868.92746316522;-20960.10249377519;-17975.250539213484;-32323.39409868647;
24999.487399993828;57412.556697434986;-28742.845802646378;-11406.475175198935;-19694.166743059963;-6319.508709848966;-34152.03501606405;-19215.638246016293;5815.566279359613;-2755.254835516791;-11047.23793831324;-16538.770978304266;-12806.543744390458;-20894.410716821043;-18017.09300483382;-32263.133795634963;
24892.31078533063;59182.07725072828;-28874.586984465957;-11470.065888174282;-19639.583783100104;-6089.218686725937;-34285.11730255095;-19318.500973999617;5597.68147440928;-2878.0776712987035;-11116.10366298004;-16439.015142800232;-12868.994518398586;-20952.838176827216;-17979.51972240445;-32323.997595786765;
24990.256129533784;57470.24654987414;-28738.55426771096;-11412.06311131276;-19716.18321134844;-6345.30262295039;-34146.08945203894;-19215.347673338376;5929.738990037321;-2696.7603202772525;-10965.631719306914;-16525.89637349801;-12808.465994413615;-20893.69546099847;-18012.533248964937;-32270.24165037175;
24851.45179646633;59116.36312202968;-28877.783283923065;-11475.31854812128;-19639.494376122282;-6069.482096371901;-34305.27857604964;-19311.951912874214;5475.551542705482;-2946.1610849095687;-11211.545611804202;-16460.361058755047;-12853.862387402343;-20941.77406332184;-17984.7947340959;-32318.655528861946;
24962.9422978094;57580.01596689415;-28714.414383699226;-11401.82601235223;-19706.70607169939;-6342.0616200043705;-34127.47044890767;-19190.537236992986;6063.849456769163;-2617.255165249725;-10869.630976871369;-16501.734137741823;-12835.846881371366;-20920.22698166692;-18021.630408958248;-32292.19106342686;
24837.72782537077;58977.759954662324;-28865.445120983735;-11462.64510901512;-19613.74516650977;-6035.52979654429;-34285.094950806495;-19295.366918488377;5367.637320475259;-3016.3008590103223;-11298.896229135542;-16436.891727076974;-12817.898430573754;-20901.160943646544;-17956.095094215285;-32270.44281607185;
24908.560503549637;57748.414009620436;-28737.839011888387;-11424.870660885652;-19726.956752175898;-6351.739925353519;-34117.63568134733;-19207.904542434757;6154.709297979987;-2567.656644303399;-10794.774984690546;-16491.87701843703;-12864.188893340695;-20947.540813391308;-18028.023007872463;-32316.86738930552;
24800.10983945249;58813.92166780492;-28856.035036568053;-11448.608213497188;-19603.530419293693;-6024.935069672474;-34269.49343317669;-19278.983089802634;5271.167191406154;-3049.403792548632;-11355.513197840834;-16446.838253359587;-12795.658444840723;-20883.79363820477;-17951.26711741294;-32242.257266313707;
24856.704456413325;57948.79739866226;-28738.643674688778;-11427.26229754237;-19733.058778412196;-6361.284120235935;-34150.448042207725;-19219.57215304043;6194.853031021718;-2540.521626534656;-10740.214376475142;-16479.918835153443;-12862.266643317538;-20952.927583805034;-18021.89862989171;-32321.24833121876;
24750.17604233933;58613.582982252;-28844.680350384755;-11448.474103030456;-19608.045471673664;-6042.190616391971;-34263.704331362766;-19275.0491827785;5192.846678834758;-3088.117013945224;-11407.860983355164;-16483.003375888275;-12779.878113255278;-20873.08715261068;-17961.884196029212;-32235.819963910577;
24762.13422562292;58187.42462246712;-28766.605707002367;-11456.721896734465;-19743.273525628272;-6361.082954535837;-34188.71422871521;-19245.589583586407;6214.790787075853;-2524.1154461044607;-10708.49725109306;-16476.186093829405;-12891.681539020723;-20986.34344176572;-18038.505976022003;-32350.39500598848;
24713.675643643815;58392.904209244756;-28826.776603076054;-11445.344858806713;-19605.385614083483;-6062.955386990951;-34239.4303368843;-19261.168749471755;5172.014853002412;-3086.686502300084;-11433.029047611839;-16512.84295473611;-12777.62058706529;-20876.328155556697;-17979.340908448805;-32235.819963910577;
24736.60853345496;58411.43380539821;-28767.92445992523;-11448.295289074815;-19731.56121153369;-6327.644744830697;-34166.07191158199;-19238.146452682788;6202.676141581076;-2532.1844258528267;-10705.792690013968;-16446.50297719276;-12896.97890245663;-20995.3064912923;-18030.66051371819;-32352.920753111932;
24682.8749397844;58170.25848272545;-28805.162466187772;-11422.031989339828;-19612.649931031458;-6091.140936749093;-34235.29526416007;-19239.576964327927;5167.1198209667;-3100.723397818017;-11441.567413993766;-16503.477573809334;-12752.541929786436;-20848.924916854492;-17963.337059418805;-32211.47891419875;
24678.35988740443;58645.3895146119;-28784.308288610973;-11455.157274622594;-19728.8566504546;-6313.1831661681135;-34197.02907765259;-19257.659525592273;6160.118420138171;-2558.224208143259;-10719.583716342893;-16464.697297179377;-12909.540582840513;-21008.605779243208;-18033.34272305283;-32372.702046954877;
24678.941032760267;57966.61173899314;-28790.7455910141;-11407.928038588529;-19617.567314811626;-6118.834748129219;-34221.97362446471;-19226.52354556603;5220.585193703794;-3065.4746968119975;-11408.978570577929;-16513.424100091946;-12762.95784270261;-20857.060951836225;-17973.909434546167;-32206.293309485118;
24654.68939002626;58860.525054994236;-28795.573567816446;-11455.805475211797;-19708.650673467004;-6261.729450431997;-34200.784170721075;-19264.275641951044;6093.465518172446;-2598.256182462714;-10750.429123691216;-16430.387369440483;-12907.394815372803;-21003.710747207493;-18011.750937909;-32354.708892668357;
24660.25497439563;57804.44983296989;-28775.389942573303;-11408.35272173318;-19636.499242365273;-6161.012489916384;-34175.77256867559;-19222.209658886153;5298.19045045262;-3027.275565537878;-11359.424753120513;-16530.32201890016;-12759.493322312037;-20858.066780336714;-17979.02798402643;-32206.56153041858;
24609.561217970993;59065.06586850475;-28815.6007308484;-11473.396298098123;-19697.720670428356;-6220.42342667859;-34210.574234792504;-19277.641985135317;6016.106130612628;-2638.1763980598926;-10802.620446994359;-16426.453462416346;-12913.541545098013;-21013.67962523456;-18012.399138498204;-32349.34447399908;
24642.64179976485;57667.523046436676;-28746.042102103485;-11405.40229146508;-19641.103701723063;-6215.215470220503;-34173.805615163525;-19201.333129564897;5410.999704718555;-2960.980291483437;-11293.688272677455;-16527.46099560988;-12761.19205489064;-20860.59252746016;-17986.426411441138;-32207.209731007784;
24541.187231682212;59186.5699513638;-28830.062309510984;-11469.350632351712;-19679.74986788629;-6189.5109640969;-34240.19029619578;-19284.951005572202;5888.92470466193;-2707.1091779600597;-10888.987587569665;-16434.83536658709;-12903.50561183758;-21005.811811186293;-18010.633350686236;-32353.412491489948;
24573.77607509805;57562.58160621901;-28745.371549769825;-11404.530573431322;-19668.909271825465;-6259.226055053003;-34153.93491434275;-19202.294254576478;5533.3084503779955;-2897.7472064193735;-11218.586411307622;-16550.192719720926;-12775.228950408573;-20882.13960911508;-18014.321388521363;-32244.671254714878;
24438.637428121263;59278.83795247531;-28859.723074403177;-11485.577998826266;-19680.55453068668;-6161.571283527766;-34264.28547671861;-19304.01704359258;5772.270950349683;-2769.381138012545;-10971.912559498855;-16442.39025621298;-12896.800088500988;-21004.940093152534;-18015.148403066207;-32358.553392714668;
24513.739289491095;57524.985972045186;-28729.613569928835;-11402.20599200797;-19688.55645520168;-6300.085043917304;-34129.10212625291;-19194.806420183948;5681.1205364609405;-2808.966077442894;-11127.30188695215;-16555.110103501094;-12792.953883761631;-20902.166772147033;-18027.911249150187;-32255.84712694253;
24387.898968207715;59304.18483068763;-28857.644362168834;-11473.55276030931;-19665.154178756977;-6127.127245322138;-34257.04351151508;-19298.317348756475;5640.172140618818;-2847.9028162840386;-11073.76945898169;-16437.405817199447;-12868.636890487302;-20976.933357350037;-17992.975472566544;-32324.66814812042;
24460.475082454097;57549.52818745711;-28729.322997250918;-11409.537364189311;-19710.81879267917;-6334.685544334119;-34124.095335494916;-19195.588731239885;5807.027912977685;-2746.2694342457576;-11034.050409084608;-16541.721408572364;-12811.908163059732;-20914.728452530915;-18024.983170626543;-32260.786862467157;
24350.839775900815;59265.27044359094;-28865.221603539183;-11482.158181924604;-19651.944297783888;-6097.689997874499;-34265.224249985724;-19296.842133622424;5503.111243618875;-2921.9094421755603;-11169.725497928323;-16455.242509274784;-12862.445457273181;-20967.635031656628;-17988.058088786376;-32298.00251698524;
24456.921155085704;57618.48331910173;-28722.662177403236;-11410.92317234554;-19720.89942942851;-6356.880826578239;-34106.191588186215;-19187.07271660241;5919.300725376693;-2689.3171893736353;-10953.159445900852;-16528.042140965717;-12824.380436465794;-20933.190993451;-18030.86167941829;-32267.53708929266;
24340.557973451374;59177.45043962604;-28859.47720521417;-11466.400202083612;-19630.330160895606;-6066.062279470239;-34263.97255229623;-19289.39900271881;5380.377814814784;-2983.4214429165654;-11256.629080370556;-16457.097704064574;-12831.130663291297;-20946.400874424085;-17983.453629428583;-32282.71392377781;
24431.820146062393;57758.76286730324;-28725.0314623155;-11414.365340991657;-19729.549554532714;-6378.897294866717;-34124.94470178422;-19202.1824958542;6025.76208421732;-2621.6361071629653;-10868.513389648604;-16515.681626281934;-12835.39984648226;-20953.32991520523;-18042.99867665752;-32291.498159348746;
24313.13238300471;59068.50803715087;-28869.624897196878;-11465.75200149441;-19632.27476266322;-6071.314939417236;-34274.16494776785;-19305.648720937817;5282.052490955888;-3020.726504412473;-11335.687200508977;-16493.620454504544;-12832.471767958614;-20954.872185572647;-18007.973493096055;-32290.715848292813;
24418.96789300059;57938.068561323715;-28728.69714840617;-11425.764730663865;-19744.614630295593;-6394.0070741185045;-34127.55985588549;-19217.71695825064;6117.136015550615;-2555.0502604306057;-10802.084005127432;-16523.862364752575;-12875.16359986825;-21000.357985539198;-18072.547682827437;-32332.670072635425;
24319.10029877428;58868.638738231515;-28850.51415568759;-11454.039687399827;-19629.994884728778;-6078.355738920658;-34261.64797087288;-19284.86159859438;5191.796146845359;-3067.911036957626;-11409.984399078417;-16500.88477145252;-12806.141412990262;-20929.994693993893;-18002.251446515496;-32265.748949736233;
24379.002973914503;58149.15843595963;-28748.120814337828;-11432.716123189464;-19757.86921475759;-6391.078995594859;-34140.099184524915;-19227.19409789969;6173.954149956006;-2531.513873519167;-10763.303728497474;-16513.289989625217;-12890.07221341994;-21012.137354867144;-18071.228929904573;-32355.446500235383;
24308.304406202365;58667.58479685603;-28831.917504300774;-11439.958088392985;-19619.958951468343;-6076.2770266863145;-34239.989130495684;-19265.236766962622;5171.724280324493;-3079.980978963492;-11448.518806519367;-16515.41340534847;-12796.038424496464;-20919.444670610985;-18005.112469805776;-32249.00749313921;
24324.218848254546;58368.04906941046;-28770.85253844888;-11459.448809558013;-19770.43089514147;-6397.449242764622;-34178.14185358785;-19249.858766777368;6196.283542666858;-2529.6363269849217;-10746.495216667083;-16497.55436152868;-12912.26749566406;-21039.384131358165;-18076.749810785033;-32368.67873295292;
24262.080998668793;58444.827311614434;-28844.501536429114;-11456.610138012187;-19647.94333552639;-6126.859024388675;-34244.72770032021;-19277.19495024621;5158.804972029326;-3085.010121465936;-11480.32533887927;-16578.937063090452;-12816.959657306632;-20946.847909313194;-18042.57399351287;-32276.544842308147;
24278.576586076808;58593.01937735312;-28796.6464515503;-11471.116420163682;-19760.8643485146;-6361.68645163613;-34175.43729250876;-19264.56621462896;6178.60331280271;-2533.2573095866815;-10753.737181870601;-16480.03059387572;-12925.23150744814;-21051.655239064126;-18070.938357226652;-32371.472701009836;
24243.953733915536;58211.9891896235;-28826.79895482051;-11450.977498409451;-19647.764521570745;-6142.728762951942;-34214.977528450196;-19260.05116224899;5159.252006918431;-3088.2958279008662;-11484.639225559144;-16558.351106447113;-12787.455354625627;-20914.86256299765;-18023.172679325664;-32235.864667399488;
24263.153882402647;58805.53976363418;-28790.07503868044;-11471.250530630414;-19736.344484847126;-6317.474701103533;-34171.74925467363;-19254.843205790905;6115.303172505281;-2577.2231909302704;-10779.50874322757;-16463.98204135681;-12920.023550990052;-21046.961372728514;-18058.913118709697;-32361.414416004947;
24265.590222548275;58020.68060883053;-28797.65228005079;-11433.520785989856;-19642.288344179196;-6160.02901316035;-34168.15062381633;-19221.494403063585;5200.379216716196;-3079.690406285573;-11451.64805074311;-16541.31907717217;-12754.687697254145;-20878.98801314688;-17999.65864415868;-32206.382716462937;
24240.198640847047;59032.231155899906;-28816.315986670972;-11479.6100830567;-19721.14529861752;-6287.903343189161;-34213.926996460796;-19266.24259546311;6040.044848924262;-2622.3066594966244;-10814.176298877752;-16451.86739586203;-12906.03135896103;-21033.192698144045;-18042.305772579406;-32356.16175605795;
24273.770961018916;57870.45453434641;-28777.98274493012;-11415.415872981057;-19652.346629184085;-6206.185365460559;-34164.97667610367;-19215.70530124966;5310.52861339195;-3002.7109983814953;-11385.643349366588;-16577.193627022938;-12775.094839941841;-20907.41943209403;-18036.293153320927;-32238.81509766759;
24244.356065315733;59214.48728018848;-28824.764946075076;-11471.094068419226;-19696.401917505493;-6232.783941362374;-34198.14666487535;-19280.167732258768;5963.065441020184;-2646.4688952528113;-10871.575578638982;-16456.49420696428;-12917.31898991096;-21056.326753655285;-18057.23673787555;-32370.17629983143;
24320.95549356407;57738.1769106599;-28745.12568058082;-11397.221552994437;-19629.749015539768;-6213.9190690420955;-34120.69787033771;-19180.70246943265;5423.159053702242;-2938.025049927837;-11321.6726567355;-16547.935193530942;-12760.454447323615;-20898.679900012005;-18026.056054360397;-32215.725745645257;
24229.581562230775;59342.36161021729;-28867.032094840062;-11497.625589087676;-19681.80622837618;-6185.778222772864;-34218.91143547433;-19296.260988266586;5842.924814572909;-2726.4657886583555;-10957.987422703198;-16435.282401476194;-12907.417167117259;-21040.904049981124;-18036.04728413192;-32348.96449434334;
24304.66107185615;57681.09055532105;-28777.535710041015;-11434.50426274589;-19695.597254705102;-6297.1569653936585;-34144.39071946034;-19226.054158932468;5574.122735753386;-2852.216702963913;-11233.159748692484;-16581.70867940291;-12808.95773279163;-20946.244412212898;-18064.52340656798;-32256.137699620453;
24215.231742290467;59386.39454679425;-28864.75221690562;-11495.636283831154;-19687.975309845842;-6158.576149770755;-34225.41579311083;-19311.460174496195;5719.207909012784;-2781.004045129305;-11059.263176830194;-16480.343518298094;-12903.237390904116;-21046.20141341703;-18053.8616244628;-32356.92171536943;
24295.42980139611;57625.077083716045;-28752.837032417898;-11442.21561458297;-19730.51067954429;-6348.029535773938;-34138.065175779484;-19223.48370832011;5666.904826987366;-2807.7814349867626;-11169.658442694956;-16564.251966983316;-12802.654540855234;-20948.43488316952;-18062.556453055913;-32254.8636501865;
24187.202654743513;59387.17685785018;-28887.23807182766;-11515.127004996182;-19694.099687826598;-6155.491609035923;-34274.52257567913;-19330.369750305385;5552.218026187185;-2868.0640897827257;-11167.333861271603;-16493.59810276009;-12894.207286144172;-21045.061474449813;-18059.986002443555;-32353.166622300938;
24287.539635603385;57652.50267416271;-28739.805965400454;-11433.274916800847;-19738.37849359256;-6386.586294959342;-34130.64439662032;-19215.012397171547;5792.38752035946;-2726.666954358453;-11078.753897995222;-16588.593016695144;-12833.701113903657;-20983.34830800871;-18089.6691190802;-32294.91797625041;
24179.804227328805;59330.02344727796;-28881.33721129146;-11494.138716952648;-19661.734361855313;-6124.489739476412;-34285.07259906204;-19316.9587036322;5418.64400132227;-2939.1649888950574;-11262.84286532913;-16511.345387857604;-12868.078096875919;-21018.194677614534;-18043.80333945791;-32335.039357547685;
24285.41621988013;57753.577262589606;-28745.282142792006;-11428.73751267642;-19741.48538607185;-6403.215992834091;-34138.9592455577;-19214.073623904424;5923.815777756665;-2652.2132935778254;-10979.981539247221;-16576.008984566808;-12847.20156755466;-20992.847799402214;-18085.15406670023;-32312.173522969908;
24178.48547440594;59235.25205078746;-28879.10203684593;-11473.798629498318;-19636.722759809825;-6089.866887315141;-34262.787909840095;-19299.323177256963;5325.571337410372;-2975.5089253793867;-11330.211023117427;-16489.395974802494;-12853.124779835318;-20997.809886671293;-18026.816013671876;-32307.85963629003;
24274.70973428604;57892.02396774578;-28758.827299931923;-11433.096102845206;-19749.263793142294;-6409.832109192862;-34133.14779199932;-19212.50900179255;6022.901060927041;-2589.4048916584125;-10895.24607601715;-16551.13149298805;-12859.092695604884;-21002.660215218093;-18083.05300272143;-32325.383403942993;
24185.32510820927;59079.16981925605;-28891.127275362884;-11470.89290271913;-19628.74318703928;-6080.009768010351;-34254.584819625;-19283.319328226964;5228.229490307509;-3017.820777633283;-11398.182678006015;-16518.207373405385;-12834.304611003949;-20977.983889339434;-18033.052150374908;-32294.515644850213;
24275.045010452868;58070.94968211051;-28766.046913390986;-11431.844405155707;-19751.029580954266;-6403.484213767554;-34119.6026348594;-19209.402109313265;6104.641390400099;-2538.4429143003126;-10827.699104273213;-16522.61066706308;-12870.961471910654;-21013.031424645356;-18078.828523019376;-32332.379499957504;
24190.98009955646;58886.0507471622;-28883.773551437087;-11455.783123467341;-19628.720835294826;-6082.021425011329;-34231.51781934712;-19280.257139236586;5155.742783038948;-3057.048089152347;-11452.899748432606;-16519.88375423953;-12804.15210773374;-20946.51263314636;-18020.8033944134;-32259.870440944487;
24244.75839671593;58266.5497978389;-28787.169311901253;-11448.138826863627;-19765.58056659467;-6392.062472350893;-34116.8533702914;-19229.451624089674;6137.6772687050425;-2521.075608858539;-10787.04128110901;-16486.512599767757;-12883.903131950276;-21026.64363701864;-18075.05107820643;-32335.374633714517;
24174.17158772607;58653.302032149084;-28867.09915007343;-11450.038725142327;-19642.22128894583;-6084.68128260151;-34214.44108658327;-19265.75085708509;5116.828395942259;-3080.271551641411;-11494.004606485916;-16524.04117870822;-12788.349424403837;-20935.18029870752;-18024.13380433724;-32241.6090657245;
24192.187093757046;58495.69988199471;-28811.532713357537;-11473.396298098123;-19784.736011592868;-6388.128565326759;-34142.60257990391;-19259.0453337485;6159.939606182529;-2514.034809355117;-10773.205551291174;-16487.049041634684;-12906.165469427762;-21055.812663532815;-18090.00439524703;-32361.615581705046;
24163.174529454056;58430.90217481878;-28852.883440599853;-11442.148559349604;-19648.79270181569;-6125.428512743534;-34208.56257779153;-19260.542900627006;5127.959564681001;-3067.978092190992;-11514.188231729058;-16563.067324527183;-12788.036499981465;-20941.058807499267;-18049.8606622053;-32255.19892635333;
24156.759578795383;58719.84317539253;-28804.447210365204;-11453.637355999632;-19760.77494153678;-6365.7768208714515;-34156.95239984422;-19256.273717436045;6143.935757152529;-2514.97358262224;-10789.812897421467;-16490.960596914363;-12922.549298113501;-21074.565777130818;-18100.643825607756;-32391.41045706397;
24124.595418524197;58215.09608210279;-28817.94766401621;-11408.330369988726;-19642.020123245733;-6157.88324569264;-34188.91539441531;-19244.337885896908;5164.795239543348;-3051.7060222275286;-11510.209621216014;-16558.12758900256;-12771.585616062357;-20929.681769571518;-18049.838310460844;-32240.156202334907;
24106.53520900431;58923.512270869294;-28819.355823916892;-11455.067867644771;-19752.795368766234;-6343.156855482681;-34194.10099912894;-19278.08902002442;6088.771651836831;-2546.6907080043206;-10830.582479307948;-16495.02861440523;-12927.623144104857;-21091.709565128036;-18111.551476901946;-32409.78359100623;
24108.01042413836;58005.593181323195;-28810.9515680017;-11408.866811855652;-19659.40978043196;-6203.033769492361;-34168.99999010563;-19237.90058349378;5203.441405706573;-3033.958737130015;-11489.780126783864;-16577.931234589963;-12767.875226482776;-20930.8887637721;-18063.04819143393;-32255.824775198078;
24051.214641477425;59114.19500281751;-28858.5607836915;-11477.285501633347;-19740.278391871263;-6305.985904453505;-34195.553862518536;-19291.09773529741;5987.13826979855;-2608.672095378887;-10885.545418923548;-16493.151067870986;-12935.55801338649;-21095.039975051877;-18107.259941966528;-32416.064431198174;
24084.541092460287;57846.22524335686;-28808.89520751181;-11419.416835238557;-19674.22898700583;-6248.251348525447;-34144.10014678242;-19224.198964142677;5304.828918555846;-2971.373852655155;-11418.299248015792;-16574.399658966024;-12782.806191778922;-20934.845022540692;-18064.56811005689;-32242.860763414;
24017.910542239017;59269.67373724863;-28891.10492361843;-11498.497307121434;-19734.42223482397;-6265.126915589204;-34194.39157180686;-19309.739090173138;5888.812945939654;-2651.363927288524;-10939.54723352757;-16481.416402031948;-12937.212042476183;-21088.088582526278;-18090.540837113957;-32394.427942565435;
24088.206778550957;57719.401445317446;-28799.75334402959;-11420.73558816142;-19699.598216962604;-6291.189049624092;-34110.84075103292;-19218.94630419568;5424.433103136194;-2894.796776151273;-11341.230433133893;-16576.925406089475;-12797.312473930417;-20942.064635999755;-18070.53602582646;-32246.593504738037;
24024.32549289769;59348.66480215369;-28890.769647451598;-11495.502173364423;-19724.833336452644;-6234.8179501078075;-34221.70540353125;-19314.231790808655;5761.787982200144;-2719.2685269437466;-11030.340019505027;-16465.546663468678;-12919.643571334313;-21063.70282932554;-18067.607947302815;-32372.41147427696;
24124.975398179937;57641.304450190604;-28780.776712987034;-11426.859966142174;-19736.925630202964;-6357.6184341452645;-34117.97095751416;-19219.19217338469;5582.0352532905645;-2809.6813332654638;-11248.56010062219;-16596.863162143607;-12810.656465370235;-20959.946031564003;-18083.589444588357;-32277.57302255309;
24059.66360088153;59386.4168985387;-28888.62387998389;-11481.733498779953;-19701.431060007937;-6184.325359383269;-34209.61310978093;-19310.58845646244;5671.3751758784265;-2778.2324288168466;-11121.825709560599;-16468.36298327005;-12906.79131827251;-21055.432683877076;-18062.95878445611;-32354.4853752238;
24166.482587633443;57634.375409409455;-28768.483253536615;-11417.941620104506;-19736.94798194742;-6369.68837615113;-34084.93507920922;-19206.31756857843;5735.927013865354;-2738.1110475195705;-11159.890730367986;-16580.836961369154;-12819.664218385724;-20970.183130524532;-18085.981081245074;-32280.076417932087;
24075.801560378262;59382.77356419249;-28901.5208365346;-11493.222295429981;-19686.477742967338;-6142.125265851649;-34213.09998191595;-19311.504877985106;5552.307433165006;-2843.700688326441;-11210.31626585916;-16468.050058847675;-12892.55325705448;-21040.613477303206;-18052.6099267733;-32335.128764525507;
24191.851817590217;57689.3159972806;-28768.55030876998;-11429.899803388096;-19758.807988024713;-6402.545440500431;-34078.520128550546;-19217.47108906163;5882.263884814249;-2663.1880001053814;-11066.99688041173;-16565.12368501707;-12839.356105250848;-20989.159761567087;-18089.713822569112;-32286.29020289066;
24088.89968262907;59315.53951687092;-28907.600511026445;-11485.265074403891;-19684.89076911101;-6135.978536126439;-34216.45274358425;-19325.00533163611;5446.449571424672;-2906.442035012488;-11308.887458907064;-16496.660291750468;-12873.867198689843;-21026.151898640623;-18054.867452963288;-32318.566121884123;
24197.439753704042;57798.92895208943;-28779.100332152884;-11436.828844169242;-19777.38228766707;-6428.495815813043;-34083.07988441943;-19227.19409789969;6015.122653856594;-2598.3679411849907;-10986.351786416983;-16560.720391359377;-12863.183064840206;-21014.39488105713;-18102.879000053286;-32312.799371814654;
24123.45547955698;59201.29975095985;-28918.172886153807;-11487.4108418716;-19677.447638207395;-6128.960088367473;-34212.6752987713;-19318.568029232985;5361.378832027774;-2954.498285591398;-11385.218666221937;-16516.441585593413;-12871.654375988768;-21019.24520960393;-18060.276575121472;-32321.561255641136;
24251.061588652326;57948.17154981751;-28769.489082037104;-11423.171928307049;-19772.10727597562;-6439.917557229705;-34078.14014889481;-19219.773318740525;6123.550966209289;-2530.4186380408573;-10901.81748888701;-16548.09165574213;-12881.511495293558;-21026.375416085175;-18105.96354078812;-32344.941180341386;
24165.54381436632;59023.64808602907;-28880.174920579782;-11445.523672762356;-19644.97055351383;-6107.860041601663;-34216.653909284345;-19283.498142182605;5271.770688506447;-2999.9617338134926;-11450.753980964897;-16515.905143726486;-12834.05874181494;-20975.592252682716;-18040.249412089517;-32292.034601215673;
24223.434832505565;58137.98256373198;-28766.896279680288;-11420.914402117063;-19770.922633519487;-6437.637679295263;-34082.923422208245;-19221.784975741502;6174.512943567389;-2500.4449487262905;-10841.601889324415;-16530.65729506699;-12892.262684376561;-21032.611552788207;-18093.446563893147;-32355.222982790827;
24149.11528219167;58825.20929875485;-28865.75804540611;-11431.106797588684;-19640.902536022968;-6120.578184196733;-34220.2748918861;-19266.913147796768;5199.351036471252;-3019.720675911984;-11483.70045229202;-16535.149995702504;-12813.986875294075;-20955.20746173948;-18034.437958531136;-32274.041446929154;
24202.871227606684;58351.8217029359;-28782.296631609996;-11426.50233823089;-19772.91193877601;-6430.216900136102;-34102.88353000683;-19234.816042758946;6202.922010770084;-2465.3080064425476;-10792.852734667389;-16527.170422931962;-12915.106167209884;-21058.718390312006;-18105.337691943372;-32378.871128424544;
24153.339761893723;58603.83762166949;-28857.599658679923;-11426.770559164353;-19629.50314635076;-6130.167082568059;-34184.75796994662;-19259.447665148695;5154.625195816183;-3029.466036494498;-11514.165879984605;-16575.3607839776;-12800.687587343167;-20949.194842481;-18050.017124416485;-32268.18528988186;
24164.91796552157;58585.68800517178;-28802.927291742242;-11448.921137919562;-19767.94985150693;-6402.768957944984;-34111.53365511104;-19249.27762142153;6187.722824540476;-2462.0223000076176;-10777.787658904512;-16488.568960257646;-12914.010931731575;-21061.98174500248;-18094.117116226807;-32372.232660321315;
24144.108491433683;58390.445517354674;-28850.737673132146;-11422.836652140219;-19652.637201862002;-6160.073716649261;-34153.19730677573;-19253.90443252378;5165.219922687998;-3009.7294461404617;-11505.761624069408;-16563.64846988302;-12784.951959246631;-20935.090891729702;-18049.61479301629;-32253.679007730367;
24161.654610831098;58799.75066182025;-28823.066213496473;-11456.721896734465;-19776.77879056678;-6394.6552747077085;-34140.099184524915;-19267.494293152606;6152.6976409790095;-2473.265227468637;-10785.856638652878;-16498.73900398481;-12922.571649857957;-21071.034201506878;-18097.44752615065;-32384.481416282826;
24146.477776345942;58159.77551457591;-28846.356731218904;-11432.582012722733;-19680.733344642325;-6212.533260885866;-34158.87464986738;-19256.653697091784;5185.515306653418;-2997.7489111124173;-11496.865629776195;-16596.483182487867;-12784.393165635249;-20934.129766718124;-18061.8635489778;-32257.948190921332;
24124.081328401724;59004.91732417552;-28855.632705167856;-11482.649920302621;-19775.169464965995;-6359.808905101884;-34167.74829241613;-19292.505895198097;6071.180828950504;-2516.851129156486;-10840.551357335014;-16520.531954828733;-12941.235356478139;-21092.89420758417;-18113.406671691737;-32416.064431198174;
24138.744072764406;57974.56896001923;-28826.821306564965;-11419.126262560638;-19682.18620803192;-6238.148360031648;-34119.401469159304;-19239.576964327927;5292.311941660874;-2940.7072592624736;-11450.821036198264;-16587.296615516738;-12796.306645429928;-20944.85860405667;-18075.85574100682;-32263.826699713078;
24078.550824946265;59187.24050369746;-28866.719170417688;-11467.674251517565;-19743.00530469481;-6301.20263114007;-34150.582152674455;-19288.57198817396;5999.342322271147;-2565.063841946583;-10897.257733018128;-16484.88092242252;-12934.529833141547;-21079.661974866627;-18094.944130771655;-32404.88855897052;
24112.77134570734;57831.16016759398;-28816.42774539325;-11415.125300303138;-19696.156048316487;-6276.682767472597;-34089.29366937801;-19222.701397264173;5393.453585321139;-2878.4352992099884;-11379.787192319298;-16581.909845103008;-12796.06077624092;-20933.61567659565;-18063.9646129566;-32250.460356528805;
24054.589754890178;59326.44716816511;-28884.48880725966;-11483.119306936182;-19734.489290057336;-6259.628386453198;-34166.92127787129;-19301.82657263596;5889.863477929053;-2608.2250604897813;-10959.842617492988;-16493.911027182465;-12934.976868030653;-21073.98463177498;-18083.47768586608;-32395.344364088105;
24114.358319563667;57735.80762574764;-28790.767942758554;-11416.086425314716;-19719.223048594362;-6327.555337852877;-34080.10710240687;-19220.019187929534;5509.414435555272;-2802.6852372509525;-11302.181935570472;-16586.626063183077;-12800.575828620891;-20941.729359832927;-18071.497150838037;-32250.460356528805;
24029.354635400134;59410.08739591687;-28887.550996250036;-11486.583827326755;-19723.13460387404;-6224.290278469358;-34139.51803916908;-19317.53984898804;5756.71413620879;-2671.033462409194;-11047.483807502247;-16474.286195550703;-12907.50657409508;-21051.58818383076;-18062.802322244923;-32358.441633992392;
24106.892836915595;57667.590101670045;-28775.389942573303;-11422.16609980656;-19741.038351182742;-6379.456088478099;-34041.86326764384;-19225.94240021019;5617.909803141332;-2737.5969573970983;-11221.536841575724;-16596.661996443512;-12803.034520510975;-20951.184147737524;-18081.6671945652;-32272.029789928176;
24000.90086470853;59436.61891658532;-28898.033964399572;-11490.316568650791;-19708.31539730017;-6184.638283805643;-34122.486009894135;-19328.24633458213;5598.262619765118;-2758.473486718355;-11151.486474452791;-16480.902311909475;-12885.132477895319;-21036.1654801566;-18056.72264775308;-32355.647665935478;
24081.09892381417;57695.12745083898;-28783.280108366027;-11432.850233656196;-19765.9158427615;-6422.863176210306;-34032.721404161624;-19239.196984672188;5751.617938472979;-2658.9858721477835;-11126.117244496018;-16587.654243428024;-12828.11317778983;-20973.848816615202;-18090.205560947128;-32277.327153364084;
23984.87466393407;59412.47903257359;-28901.274967345595;-11490.897714006629;-19692.602120948093;-6158.844370704219;-34103.330564895936;-19327.64283748184;5487.286208544518;-2794.8397749471396;-11234.858481271087;-16513.044120436207;-12891.301559364982;-21036.098424923235;-18067.764409514002;-32347.668093164935;
24090.061973340747;57753.91253875644;-28748.232573060108;-11424.177756807538;-19766.742857306344;-6433.636717037763;-33970.24827840904;-19226.970580455134;5879.939303390897;-2570.227094915759;-11031.971696850265;-16576.768943878287;-12843.580584952902;-20987.662194688583;-18100.599122118845;-32326.79156384368;
23978.571471997675;59315.07013023736;-28882.275984558582;-11481.867609246685;-19675.45833295087;-6135.285632048325;-34070.45114880218;-19328.358093304407;5352.281672034464;-2865.1807147479913;-11325.04777014825;-16482.176361343427;-12847.313326276939;-20990.657328445595;-18033.27566781946;-32284.25619414523;
24051.03582752178;57870.678051790965;-28750.82537541692;-11445.88130067364;-19788.133476750074;-6467.18668546518;-33942.15213562872;-19241.745083540092;5996.481298980868;-2492.2642102556483;-10940.284841094595;-16570.532807175256;-12863.250120073571;-21008.181096098557;-18107.595218133356;-32336.559276170647;
23949.894183861517;59161.491294084946;-28844.41212945129;-11468.948300951517;-19669.333954970116;-6160.230178860447;-34080.956468696175;-19309.40381400631;5268.306168115874;-2885.0961190576695;-11393.533515159312;-16537.69809457041;-12836.808006382944;-20981.269595774367;-18054.174548885174;-32342.571895429122;
24019.698681795442;58009.21416392495;-28712.40272669825;-11421.763768406365;-19771.526130619783;-6453.328603902889;-33886.406884957185;-19215.928818694214;6077.081689486706;-2440.3187561415143;-10873.453125173226;-16547.46580689738;-12862.490160762092;-21002.72727045146;-18093.133639470772;-32357.905192125465;
23957.6055356986;58964.99710857834;-28804.380155131836;-11432.045570855806;-19634.062902219644;-6121.919288864051;-33981.35709540333;-19275.87619732335;5181.581399629284;-2925.6868869885075;-11453.79381821082;-16523.862364752575;-12793.758546562023;-20939.248316198387;-18025.452557260105;-32298.740124552267;
24049.739426343374;58188.45280271206;-28691.43679039917;-11406.274009498837;-19754.62821181157;-6442.577414819886;-33870.872422560744;-19208.37392906832;6136.649088460099;-2403.170156856794;-10814.869202955866;-16518.185021660927;-12851.73897167909;-21003.643691974128;-18078.426191619183;-32351.713758911344;
23977.11860860808;58722.458329493806;-28782.855425221376;-11416.265239270359;-19630.821899273622;-6133.87747214764;-33964.213307406106;-19259.693534337704;5148.992556213446;-2951.793724512306;-11492.663501818599;-16504.058719165172;-12757.705182755612;-20912.67209204103;-18008.353472751794;-32265.86070845851;
24020.48099285138;58374.68753751368;-28722.706880892147;-11439.64516397061;-19779.997441768344;-6447.22657766659;-33876.75093135249;-19251.490444122606;6184.370062872179;-2382.494793235635;-10783.889685140812;-16536.580507347644;-12878.918692936742;-21042.78159651537;-18104.175401231696;-32404.352117103594;
24001.884341464563;58474.130448595344;-28775.255832106574;-11412.845422368697;-19626.664474804937;-6129.921213379052;-33918.01225161699;-19254.731447068625;5155.407506872119;-2940.9084249625716;-11520.625534132187;-16559.468693669878;-12765.930624715165;-20933.14628996209;-18051.827615717368;-32271.985086439265;
24021.531524840775;58565.34791771745;-28743.516354980035;-11442.17091109406;-19760.797293281234;-6401.405501533211;-33898.208606029584;-19249.545842354997;6197.043501978338;-2385.177002570272;-10791.221057322153;-16465.07727683512;-12876.527056280025;-21043.29568663784;-18084.707031811122;-32354.999465346275;
23982.23715808835;58220.97459089453;-28793.137227670817;-11428.134015576126;-19658.56041414266;-6192.304932153814;-33972.41639762121;-19262.48750239462;5188.376329943697;-2933.353535336678;-11523.911240567119;-16582.781563136767;-12756.09585715483;-20925.99373173639;-18056.074447163875;-32258.506984532713;
23981.03016388776;58775.76724001971;-28767.678590736225;-11447.825902441253;-19755.298764145227;-6381.646559434719;-33908.93744336813;-19270.10944725388;6157.011527658883;-2405.2488690911377;-10820.56889779197;-16495.49800103879;-12892.150925654285;-21062.987573502967;-18108.757508845032;-32407.88369272753;
23946.02733207075;57992.89739047258;-28773.87002395034;-11405.44699495399;-19665.98119330182;-6212.957944030517;-33919.956853384596;-19241.298048650988;5230.4870164974955;-2910.7559216923623;-11505.582810113765;-16574.75728687731;-12739.175586602163;-20909.431089095007;-18065.752752513024;-32288.43597035837;
23919.74168059131;58953.57536716168;-28777.513358296557;-11453.771466466364;-19752.013057710297;-6360.255939990991;-33975.03155172247;-19281.642947392815;6098.49466067489;-2445.2808434105928;-10853.984755752654;-16473.146256583485;-12891.793297743;-21056.192643188555;-18098.766279073512;-32377.060637123664;
23954.945678108415;57806.372082993046;-28748.746663182577;-11393.846439581686;-19660.907347310465;-6250.061839826327;-33886.02690530144;-19221.270885619033;5338.758866639003;-2863.951368802949;-11446.30598381829;-16597.80193541073;-12732.984153388043;-20896.914112200036;-18071.29598513794;-32262.99968516823;
23884.02359295173;59139.47482579647;-28802.636719064325;-11453.436190299535;-19716.540839259727;-6289.57972402331;-33961.285228882465;-19288.81785736297;6018.162491102516;-2495.4381579683018;-10905.416119744315;-16456.628317431012;-12876.370594068838;-21032.45509057702;-18080.214331175608;-32384.727285471832;
23919.11583174656;57687.12552632398;-28735.425023487216;-11380.591855119688;-19671.144446271;-6288.551543778365;-33879.902527320686;-19206.898713934268;5482.726452675635;-2770.856353146595;-11347.399514603558;-16569.90695833051;-12736.180452845152;-20885.626481250107;-18064.00931644551;-32263.536127035157;
23865.87397645402;59271.41717331615;-28810.862161023877;-11442.349725049702;-19689.919911613455;-6232.985107062472;-33955.71964451309;-19287.72262188466;5932.018867971763;-2530.910376418874;-10970.325585642528;-16457.00829708675;-12868.860407931854;-21016.1606688691;-18073.687621794656;-32385.12961687203;
23953.425759485457;57597.13740314692;-28705.272520217004;-11367.717250313432;-19675.190112017408;-6324.023762228938;-33876.01332378547;-19184.882245645793;5626.40346603435;-2693.4746138423225;-11269.190760754438;-16576.523074689278;-12732.581821987847;-20882.474885281907;-18079.297909652938;-32320.10839225154;
23842.87403140951;59320.61336286228;-28835.31496945798;-11465.483780560944;-19690.85868488058;-6224.290278469358;-33971.61173482081;-19300.28430226854;5782.508049310213;-2615.7352466267644;-11070.371993824481;-16467.26774779174;-12856.321079292427;-21001.140296595135;-18068.971403714586;-32356.45232873587;
23906.665910084954;57559.83234165101;-28737.011997343543;-11412.241925268403;-19734.44458656843;-6408.64746673673;-33883.00941979998;-19214.498307049074;5714.782263610633;-2640.2774620386913;-11194.22300985134;-16610.073043116696;-12768.746944516533;-20914.504935086363;-18107.863439066823;-32329.697290622866;
23813.839115362065;59347.010773063994;-28854.67158015628;-11470.959957952495;-19678.006431818776;-6180.5255628258665;-33983.9722495046;-19306.49808722712;5648.084658155997;-2662.8527239385517;-11155.35332624356;-16474.330899039614;-12862.959547395652;-20999.73213669445;-18081.354270142827;-32381.82155869264;
23918.86996255755;57586.31915883055;-28712.26861623152;-11396.416890194047;-19721.346464317616;-6398.74564394303;-33820.87157021422;-19189.486705003586;5860.806210137154;-2539.4934462897118;-11081.90549396342;-16554.506606400802;-12773.083182940863;-20907.397080349576;-18089.378546402284;-32302.11523796502;
23822.310426510627;59277.049812918885;-28848.793071364533;-11456.967765923473;-19652.257222206263;-6143.041687374317;-33977.53494710147;-19291.43301146424;5503.446519785705;-2755.634815172531;-11257.344336193126;-16473.59329147259;-12815.819718339411;-20945.819729068247;-18049.39127557174;-32355.446500235383;
23907.291758929703;57664.863188846495;-28722.05868030294;-11405.648160654087;-19741.977124449866;-6435.335449616367;-33839.9376082346;-19199.522638264018;5980.544505184234;-2497.271001013637;-10996.879458055433;-16550.93032728795;-12799.301779186939;-20928.072443970734;-18097.559284872925;-32332.133630768494;
23785.072420248085;59173.87416051319;-28857.13027204636;-11461.080486903249;-19647.69746633738;-6142.102914107194;-34006.01106953753;-19287.72262188466;5387.955056185134;-2819.5831560591646;-11339.598755788655;-16482.221064832338;-12810.969389792608;-20937.66134234206;-18046.396141814726;-32340.381424472504;
23858.520252528222;57785.9872920498;-28722.528066936502;-11411.213745023459;-19756.63986881255;-6460.905845273238;-33856.23202994252;-19207.85983894585;6074.622997596622;-2430.0369536920734;-10916.122605338407;-16569.348164719126;-12826.034465555485;-20956.839139084714;-18111.663235624223;-32370.869203909544;
23754.539937322133;58995.52959150429;-28845.395606207327;-11442.17091109406;-19632.07359696312;-6121.293440019303;-34003.61943288081;-19283.945177071713;5286.142860191209;-2864.3984036920556;-11418.053378826784;-16507.389129089013;-12798.966503020109;-20927.938333504004;-18048.96659242709;-32338.54858142717;
23806.48539143627;57932.5253286988;-28733.614532186337;-11423.887184129619;-19776.935252777967;-6470.293577944467;-33904.24357703252;-19228.445795589185;6149.009603143883;-2391.7037119512215;-10856.979889509665;-16518.45324259439;-12846.888643132288;-20977.24628177241;-18105.71767159911;-32387.431846550924;
23697.16300930536;58765.68660327037;-28855.610353423403;-11470.714088763487;-19675.86066435107;-6173.864742978185;-34053.10619510486;-19305.11227907089;5215.824272134813;-2900.9882093653932;-11480.928835979563;-16564.47548442787;-12795.501982629536;-20936.18612720801;-18073.084124694364;-32346.572857686624;
23769.873234018476;58086.95353114051;-28737.839011888387;-11440.852158171196;-19783.506665647827;-6461.665804584719;-33902.343678753816;-19230.502156079074;6202.765548558897;-2367.6085314284005;-10824.815729238479;-16539.687399826933;-12867.698117220178;-21006.01297688639;-18121.900334584756;-32429.788402293732;
23688.803456879075;58486.89329467932;-28834.443251424225;-11462.98038518195;-19662.784893844713;-6170.98136794345;-34006.100476515356;-19289.421354463262;5175.613483859716;-2933.018259169848;-11520.938458554561;-16548.404580164504;-12767.33878461585;-20903.016138436335;-18048.13957788224;-32301.44468563136;
23742.648809271912;58292.54487664043;-28758.469672020638;-11466.802533483808;-19793.721412863903;-6451.361650390822;-33945.974283930576;-19265.214415218165;6209.538127128855;-2361.7076708921995;-10798.03833938102;-16514.78755650372;-12892.709719265667;-21028.141203897143;-18116.558267659937;-32426.949730747907;
23725.616779996966;58232.8433672003;-28814.885475025832;-11457.168931623572;-19676.687678895913;-6198.004626989917;-34008.13448526079;-19279.81010434748;5172.104259980233;-2924.949279421482;-11533.835415105274;-16571.65039439802;-12774.29017714145;-20912.38151936311;-18062.981136200564;-32312.9781857703;
23780.55736786811;58497.86800120688;-28761.062474377453;-11473.418649842579;-19781.092677246652;-6430.574528047387;-33950.19876363263;-19276.323232212453;6181.330225626258;-2374.045833831529;-10809.32597033095;-16499.945998185398;-12893.581437299425;-21035.718445267492;-18105.740023343566;-32415.818562009164;
23758.98793446874;57998.53003007532;-28789.046858435497;-11439.958088392985;-19670.13861777051;-6225.921955814595;-33998.99262177856;-19259.022982004044;5202.904963839646;-2898.887145386594;-11518.815042831307;-16596.95256912143;-12764.947147959132;-20907.03945243829;-18062.891729222745;-32293.509816349724;
23726.13087011944;58725.14053882844;-28764.951677912675;-11460.78991422533;-19753.555328077713;-6374.136373297736;-33953.931504956665;-19260.699362838193;6139.5548152392885;-2391.1896218287498;-10823.80990073799;-16476.588425229602;-12899.281132135528;-21037.081901679267;-18092.753659815033;-32418.634881810533;
23729.818907954563;57799.644207911995;-28753.10525335136;-11410.319675245248;-19665.31064096816;-6243.468075212011;-33963.27453413898;-19211.391414569785;5270.787211750414;-2870.6568921395415;-11478.157219667104;-16556.495911657323;-12738.594441246325;-20877.579853246196;-18043.557470268905;-32260.876269444976;
23689.92104410184;58932.54237562924;-28787.437532834716;-11456.587786267733;-19735.115138902085;-6336.116055979259;-34005.69814511516;-19261.1463977273;6046.236282138381;-2456.5461226160674;-10875.665947874302;-16460.048134332676;-12872.637852744801;-21013.25494208991;-18070.513674082;-32404.955614203885;
23764.17353918237;57657.17418875387;-28749.998360872076;-11393.086480270205;-19665.668268879446;-6269.753726691452;-33947.60596127581;-19196.32633880691;5359.434230260162;-2814.9563449569164;-11411.526669445833;-16560.698039614923;-12736.828653434355;-20873.93651889998;-18049.972420927577;-32268.408807326414;
23724.78976545212;59097.92293285405;-28831.783393834045;-11463.874454960163;-19725.01215040829;-6300.867354973239;-34028.49692445957;-19279.407772947285;5933.047048216707;-2512.425483754335;-10941.089503894986;-16447.084122548596;-12871.16263761075;-21006.68352922005;-18060.455389077117;-32398.36184958957;
23800.13749601096;57550.556367702055;-28774.764093728554;-11398.048567539283;-19696.021937849753;-6331.82452104384;-33979.01016223552;-19201.80251619846;5472.645815926292;-2748.5493121801987;-11337.900023210052;-16574.19849326593;-12759.135694400751;-20890.99089991938;-18065.52923506847;-32287.206624413328;
23730.757681221687;59217.81769011232;-28879.258499057116;-11465.304966605303;-19713.56805724717;-6263.495238243966;-34080.50943380707;-19291.589473675427;5830.944279544864;-2551.518684806667;-11013.799728608099;-16460.808093644155;-12885.870085462342;-21014.30547407931;-18067.205615902618;-32406.766105504765;
23794.504856408224;57485.825715759485;-28786.811683989967;-11396.394538449591;-19714.9538654034;-6370.671852907164;-33977.75846454602;-19203.56830401043;5601.548326200048;-2660.6175494930208;-11255.17621698096;-16565.011926294796;-12783.677909812679;-20909.431089095007;-18077.599177074335;-32295.47676986179;
23691.038631324605;59269.91960643764;-28902.616072012912;-11472.099896919715;-19707.175458332953;-6228.604165149232;-34119.89320753732;-19309.090889583935;5696.252667457184;-2608.672095378887;-11105.15130819694;-16457.745904653777;-12891.390966342804;-21020.563962526794;-18068.47966533657;-32394.204425120883;
23807.178295514383;57469.62070102939;-28774.49587279509;-11403.480041441922;-19736.67976101396;-6413.833071450362;-34007.50863641604;-19200.61787374233;5724.505272448692;-2590.433071903357;-11164.674003681423;-16571.203359508916;-12798.29595068645;-20931.067577727747;-18084.930549255678;-32307.837284545578;
23719.73827120522;59247.6349172157;-28902.90664469083;-11467.406030584101;-19686.254225522785;-6189.354501885713;-34125.972882029164;-19301.379537746852;5547.010069729098;-2705.388093637001;-11210.718597259354;-16476.92370139643;-12870.313271321449;-21000.58150298375;-18055.917984952688;-32362.576706716623;
23818.6223886755;57530.976239559204;-28784.956489200176;-11413.02423632434;-19770.743819563846;-6449.618214323308;-34031.44735472767;-19215.4370803162;5867.847009640576;-2541.0580684015836;-11071.62369151398;-16532.378379390047;-12810.835279325876;-20935.917906274546;-18073.91113923921;-32299.544787352657;
23727.874306186954;59203.87020157221;-28929.080537447997;-11490.450679117523;-19702.414536763972;-6187.119327440182;-34175.52669948658;-19319.305636800007;5478.233752040119;-2757.3558994955897;-11287.094508063139;-16488.70307072438;-12871.944948666687;-20997.184037826544;-18055.426246574672;-32359.69333168189;
23872.758313746253;57633.86131928698;-28763.677628478723;-11412.39838747959;-19765.24529042784;-6460.950548762149;-34025.07710755791;-19193.84529517237;6022.521081271301;-2450.53350335759;-10974.393603133394;-16542.436664394936;-12840.853672129355;-20967.2997554898;-18088.77504930199;-32318.879046306498;
23792.202626729326;59063.41183941506;-28896.715211476712;-11457.593614768222;-19656.03466701921;-6147.467332776468;-34170.43050175077;-19284.571025916463;5345.464389975595;-2836.4363713784664;-11375.450953894968;-16465.144332068485;-12819.552459663446;-20948.278420958333;-18019.462289746083;-32295.946156495353;
23921.485116658823;57790.5917514076;-28759.49785226558;-11414.410044480568;-19767.838092784656;-6469.75713607754;-34027.9828343371;-19203.0318621435;6099.29932347528;-2413.273145350593;-10898.598837685448;-16517.04508269371;-12856.499893248068;-20986.902235377103;-18088.350366157338;-32325.763383598733;
23855.368656560026;58898.00893044579;-28891.551958507534;-11455.917233934073;-19652.123111739533;-6149.166065355071;-34189.5188915156;-19292.394136475818;5241.6405369806935;-2889.2088400374464;-11452.542120521322;-16483.182189843916;-12806.968427535108;-20939.561240620762;-18026.57014448287;-32279.47292083179;
23965.942736380428;57981.676814756014;-28784.263585122062;-11432.000867366894;-19777.896377789544;-6485.04572928497;-34063.186831854204;-19229.831603745413;6150.954204911495;-2390.496717750635;-10855.14704646433;-16520.375492617546;-12883.098469149885;-21015.914799680093;-18104.644787865258;-32357.301695025173;
23902.128505960525;58706.029797319155;-28901.76670572361;-11457.638318257132;-19647.87628029302;-6161.0348416608385;-34181.271097811594;-19283.609900904885;5189.493917166462;-2915.9415264059935;-11502.520621123389;-16502.248227864293;-12812.735177604578;-20941.930525533026;-18039.176528355663;-32273.013266684207;
24004.18657114346;58199.7851371509;-28800.580358574436;-11445.635431484632;-19770.743819563846;-6463.2751301855005;-34065.98079991112;-19227.19409789969;6196.305894411314;-2363.0040720706074;-10816.098548900909;-16500.661254007966;-12908.735920040122;-21038.668875535594;-18107.841087322366;-32371.338590543106;
23973.74349519533;58480.85832367639;-28878.9679263792;-11435.64420171311;-19626.776233527213;-6161.146600383116;-34169.044693594544;-19251.937479011714;5142.622309043683;-2948.887997733116;-11535.824720361796;-16505.51158255477;-12782.537970845458;-20909.364033861642;-18024.75965318199;-32237.876324400466;
24031.1204232121;58435.57368940994;-28824.4520216527;-11447.110646618683;-19759.836168269656;-6447.271281155501;-34101.54242533951;-19234.77133927004;6186.292312895336;-2381.667778690789;-10798.70889171468;-16462.506826222758;-12911.663998563767;-21034.645561533638;-18085.019956233496;-32366.376503274027;
24030.829850534185;58270.7519257965;-28871.413036753303;-11418.522765460344;-19623.82580325911;-6184.928856483562;-34169.178804061274;-19236.470071848642;5161.241312174954;-2941.243701129401;-11528.269830735902;-16521.202507162394;-12780.705127800124;-20900.80331573526;-18021.47394674706;-32227.125135317463;
24047.772472831308;58689.735375611235;-28853.37517897787;-11451.201015854003;-19737.797348236723;-6402.210164333602;-34123.35772792789;-19251.80336854498;6172.367176099679;-2394.14005209685;-10795.333778301929;-16450.950974339365;-12930.819443561966;-21044.256811649422;-18074.00054621703;-32365.8400614071;
24064.33511547269;58078.12459208067;-28881.896004902843;-11433.83371041223;-19636.856870276555;-6217.584755132765;-34163.85908888091;-19244.293182407997;5219.378199503208;-2910.0853693587032;-11494.27282741938;-16535.686437569435;-12797.513639630513;-20910.392214106585;-18033.76740619748;-32225.158181805396;
24074.19223477748;58910.771776529764;-28889.00385963963;-11485.376833126169;-19749.084979186653;-6383.591161202331;-34175.683161697765;-19286.11329628388;6123.729780164931;-2415.0612849070176;-10816.210307623185;-16457.88001512051;-12949.729019371156;-21067.301460182844;-18081.846008520843;-32380.12282611404;
24130.96566569396;57873.22615065887;-28856.95145809072;-11424.669495185553;-19660.28149846572;-6263.4281830106;-34154.71722539869;-19231.86561249085;5288.646255570204;-2862.4985054133545;-11454.151446122105;-16552.338487188637;-12792.886828528266;-20914.214362408446;-18042.842214446333;-32218.117382301974;
24116.191162609;59083.461354191466;-28904.158342380328;-11492.41763262959;-19743.206470394907;-6345.392029928212;-34204.18163587828;-19298.272645267563;6013.267459066804;-2468.5043058996566;-10880.493924676648;-16461.74686691128;-12942.46470242318;-21068.486102638974;-18079.744944542046;-32382.87209068204;
24202.3124339953;57717.54625052765;-28837.75130960361;-11423.417797496057;-19682.700298154392;-6308.623410299231;-34152.92908584226;-19223.86368797585;5378.477916536083;-2807.5355657977543;-11388.414965679047;-16545.78942606323;-12793.24445643955;-20920.00346422237;-18050.262993605495;-32217.491533457225;
24168.293078934323;59206.932390562586;-28900.872635945398;-11496.485650120456;-19733.930496445955;-6310.322142877834;-34225.39344136637;-19306.587494204938;5887.337730805604;-2544.45553355879;-10961.83192274951;-16450.97332608382;-12930.148891228306;-21062.093503724755;-18069.10551418132;-32360.900325882474;
24262.595088791262;57605.854583484484;-28819.579341361445;-11431.151501077593;-19713.836278180635;-6366.559131927387;-34139.249818235614;-19226.054158932468;5471.863504870356;-2769.7387659238298;-11325.450101548446;-16577.975938078875;-12795.81490705191;-20931.04522598329;-18064.38929610125;-32243.173687836374;
24204.949939841026;59294.528877082936;-28919.49163907667;-11497.714996065497;-19720.631208495048;-6275.00638663845;-34246.381729409906;-19316.48931699864;5749.986261127742;-2623.133674041471;-11054.211682583295;-16463.490302978793;-12933.211080218683;-21063.166387458612;-18070.20074965963;-32369.30458179767;
24298.469638642033;57555.04906833757;-28815.757193059588;-11425.049474841295;-19731.71767374488;-6409.7427022150405;-34130.04089952003;-19223.573115297928;5601.928305855788;-2695.665084798942;-11236.311344660682;-16566.75536236231;-12821.318247475416;-20949.507766903374;-18073.24058690555;-32254.550725764126;
24236.33178905628;59322.71442684108;-28932.366243882927;-11489.489554105945;-19698.48062973984;-6231.845168095251;-34259.926886549816;-19315.215267564687;5619.340314786472;-2689.67481728492;-11144.624488905012;-16461.411590744447;-12918.905963767287;-21042.31220988181;-18055.403894830215;-32342.862468107043;
24350.705665434085;57569.39888827788;-28816.494800626613;-11428.536346976322;-19737.998513936822;-6434.754304260529;-34107.175064942254;-19215.325321593922;5743.772476169166;-2613.0530372921276;-11132.934526554887;-16559.312231458694;-12836.517433705025;-20956.727380362438;-18069.95488047062;-32262.977333423776;
24261.008114934935;59304.78832778792;-28953.06395924854;-11501.246571689437;-19682.40972547647;-6208.04056025035;-34247.16404046584;-19329.185107849255;5501.0325313845315;-2745.8894545900175;-11228.085902701128;-16447.039419059685;-12901.829231003432;-21020.563962526794;-18036.583725998848;-32315.21336021583;
24396.727907267563;57633.23547044223;-28811.93504475773;-11432.604364467188;-19746.402769852015;-6466.605540109342;-34116.831018546945;-19216.487612305595;5892.16570760795;-2515.3535622779805;-11034.56449920708;-16551.109141243596;-12865.038259629997;-20982.09661031921;-18086.20459868963;-32288.368915125004;
24324.755290121473;59220.276382002405;-28950.62761910291;-11484.348652881225;-19657.711047853358;-6173.976501700462;-34235.608188582446;-19308.666206439284;5388.11151839632;-2792.8728214350726;-11315.280057821281;-16465.59136695759;-12877.64464350279;-20993.58540696924;-18034.19208934213;-32302.003479242743;
24437.07280600939;57751.49855035527;-28804.000175476096;-11426.50233823089;-19741.932420960955;-6474.361595435334;-34100.35778288338;-19204.350615066363;6000.862240894108;-2450.131171957394;-10948.934966198798;-16519.235553650327;-12868.50278002057;-20983.571825453262;-18077.934453241167;-32289.598261070045;
24339.86506937326;59082.07554603524;-28950.29234293608;-11481.018242957383;-19647.049265748177;-6164.879341707152;-34249.91330503384;-19300.127840057354;5281.538400833417;-2845.153551716036;-11391.20893373596;-16472.520407738735;-12853.370649024326;-20966.33863047822;-18022.368016525274;-32275.695476018846;
24474.22140529411;57906.84317431965;-28811.666823824267;-11421.272030028347;-19746.492176829837;-6477.937874548183;-34095.283936892025;-19204.261208088545;6091.029178026817;-2394.0953486079393;-10874.146029251342;-16502.181172630928;-12887.568818040947;-20998.748659938414;-18075.878092751278;-32306.63029034499;
24393.621014788274;58900.84760199161;-28940.323464909015;-11457.705373490498;-19626.016274215734;-6150.440114789023;-34228.36622337893;-19282.537017171027;5205.69893189656;-2884.559677190742;-11455.514902533878;-16505.332768599124;-12833.768169137022;-20948.747807591895;-18018.14353682322;-32260.63040025597;
24487.118361844823;58110.93695294106;-28825.837829808934;-11435.465387757467;-19755.20935716741;-6468.348976176855;-34100.71541079467;-19220.0862431629;6166.019280674373;-2360.210104013694;-10821.172394892263;-16467.9383001254;-12907.372463628348;-21020.228686359966;-18073.37469737228;-32318.007328272743;
24437.92217229869;58688.03664303263;-28927.158287424838;-11449.83755944223;-19635.225192931317;-6167.114516152682;-34221.81716225352;-19276.300880468;5168.6173878452055;-2905.726779189918;-11495.837449531253;-16502.628207520032;-12819.418349196714;-20935.18029870752;-18020.62458045776;-32237.00460636671;
24505.044460897978;58322.65267642173;-28844.702702129212;-11443.64612622811;-19765.66997357249;-6465.443249397666;-34125.212922717685;-19243.265002163054;6178.424498847067;-2355.2927202335263;-10802.687502227725;-16472.83333216111;-12915.575553843446;-21033.97500919998;-18081.846008520843;-32335.106412781053;
24474.355515760843;58454.66207917477;-28908.09224940446;-11445.680134973543;-19654.89472805199;-6209.292257939846;-34217.01153719563;-19274.177464744746;5147.6067480572165;-2909.4371687694993;-11524.112406267215;-16533.09363521262;-12816.57967765089;-20938.28719118681;-18039.84708068932;-32238.278655800663;
24531.19600191069;58532.356742901415;-28850.04476905403;-11455.31373683378;-19775.035354499265;-6460.458810384132;-34144.10014678242;-19262.08517099442;6159.380812571146;-2366.0662610609843;-10810.622371509358;-16472.25218680527;-12923.063388235974;-21046.670800050593;-18084.30470041093;-32349.143308298986;
24510.408879567254;58219.27585831593;-28900.04562140055;-11448.854082686197;-19671.591481160103;-6245.837360124274;-34208.33906034697;-19275.227996734142;5143.315213121798;-2920.1660061080465;-11540.697400653053;-16547.130530730552;-12800.709939087623;-20926.038435225302;-18044.25037434702;-32233.025995853663;
24532.64886530028;58760.568053790106;-28882.723019447687;-11478.447792345023;-19775.281223688275;-6441.459827597121;-34169.75994941711;-19297.043299322522;6123.707428420476;-2380.1925635567386;-10825.419226338772;-16490.155934113973;-12953.148836272818;-21079.55021614435;-18103.48249715358;-32377.50767201277;
24560.834415058427;58016.83610878421;-28881.605432224922;-11432.961992378474;-19676.352402729084;-6283.6565117426535;-34196.872615441396;-19262.86748205036;5207.956458086545;-2874.0767090412032;-11503.459394390511;-16551.533824388247;-12801.760471077023;-20926.686635814505;-18049.81595871639;-32224.130001560454;
24556.699342334196;58972.797867393245;-28900.492656289658;-11489.13192619466;-19763.34539214914;-6410.770882459985;-34188.49071127066;-19308.241523294633;6059.982604978395;-2415.7318372406767;-10864.668889602292;-16466.82071290263;-12952.500635683613;-21077.516207398916;-18090.362023158315;-32378.11116911306;
24615.372671529374;57838.871519431064;-28855.073911556472;-11422.948410862495;-19679.593405675103;-6312.423206856633;-34154.493707954134;-19236.827699759924;5296.961104507578;-2825.998106717838;-11454.151446122105;-16556.808836079697;-12797.8712675418;-20919.087042699703;-18048.05017090442;-32211.009527565187;
24578.179368755744;59131.51760477038;-28913.367261095915;-11499.972522255484;-19751.72248503238;-6375.410422731688;-34223.27002564311;-19319.931485644756;5955.331737438648;-2480.8424688389864;-10930.695942723269;-16468.228872803316;-12950.399571704815;-21075.951585287046;-18082.337746898862;-32368.522270741734;
24649.079102167976;57705.7221777108;-28853.62104816688;-11437.119416847161;-19702.056908852686;-6369.174286028659;-34142.80374560401;-19243.644981818794;5393.095957409854;-2782.6580742189976;-11395.835744838208;-16585.262606771303;-12822.771110865011;-20951.586479137717;-18081.689546309655;-32246.95113264932;
24578.313479222477;59269.38316457071;-28942.133956209895;-11506.5662868698;-19734.24342086833;-6335.467855390055;-34223.96292972123;-19325.430014780763;5845.070582040618;-2541.393344568413;-11001.819193580055;-16475.649651962478;-12954.266423495583;-21073.917576541615;-18078.940281741652;-32360.430939248916;
24677.622279837404;57615.152909177894;-28837.259571225593;-11426.658800442077;-19707.91306589998;-6392.3083415399005;-34112.628890589345;-19220.823850729925;5532.861415488889;-2704.762244792252;-11294.604694200123;-16559.647507625523;-12823.44166319867;-20939.695351087496;-18065.909214724208;-32230.38849000794;
24595.43491547524;59329.66581936667;-28954.96385752724;-11507.572115370289;-19713.880981669543;-6288.372729822723;-34236.39049963838;-19323.10543335741;5717.46447294527;-2618.126883283482;-11086.889932976954;-16448.33582023809;-12934.418074419269;-21049.375361129685;-18054.778045985466;-32334.25704649175;
24702.343309204975;57580.97709190573;-28848.882478342355;-11439.64516397061;-19732.969371434378;-6431.625060036786;-34084.91272746476;-19229.831603745413;5668.782373521612;-2641.61856670601;-11207.097614657596;-16558.440513424935;-12847.06745708793;-20960.124845519644;-18076.10161019583;-32241.944341891332;
24646.039264922056;59335.43256943615;-28951.29817143657;-11497.223257687481;-19681.403896975982;-6230.23584249447;-34203.57813877799;-19316.9587036322;5613.662971694824;-2685.3832823495013;-11174.642881708489;-16459.69050642139;-12930.283001695037;-21039.78646275836;-18052.05113316192;-32313.134647981486;
24749.393731283395;57590.141307132406;-28828.341225187927;-11433.386675523125;-19737.998513936822;-6454.960281248126;-34071.18875636921;-19225.1377374098;5805.7315117992775;-2582.4311473883567;-11116.505994380235;-16531.014922978273;-12852.856558901854;-20959.968383308456;-18064.679868779167;-32234.05417609861;
24654.35411385943;59285.83404848982;-28968.6878286228;-11503.839374046252;-19676.575920173636;-6200.955057258017;-34207.13206614638;-19331.263820083597;5477.429089239728;-2759.9263501079504;-11268.22963574286;-16457.88001512051;-12916.827251532943;-21023.715558494994;-18041.81403420139;-32294.806217528134;
24765.777559969138;57669.266482504194;-28843.6074666509;-11460.521693291867;-19770.18502595246;-6501.407206226255;-34090.47831183414;-19241.454510862175;5923.122873678551;-2514.817120411053;-11024.729731646745;-16531.529013100746;-12878.941044681198;-20985.82935164325;-18075.81103751791;-32255.020112397688;
24682.003221750645;59179.28328267137;-28969.291325723094;-11512.71301659501;-19672.79847536069;-6194.27188566588;-34207.19912137975;-19330.146232860832;5347.67721267667;-2832.8153887767066;-11361.257596165848;-16483.204541588373;-12898.767042013054;-21008.561075754296;-18042.216365601584;-32274.600240540534;
24784.62008054496;57797.610199166564;-28836.700777614213;-11461.058135158793;-19781.87498830259;-6519.601526212875;-34076.86609946085;-19238.928763738724;6015.256764323326;-2466.9173320433297;-10950.298422610573;-16508.5961232896;-12893.402623343782;-21004.11307860769;-18081.510732354014;-32265.90541194742;
24703.639710383384;59032.275859388814;-28966.229136732716;-11497.066795476294;-19661.823768833136;-6188.080452451761;-34202.393496321856;-19322.010197879103;5241.439371280596;-2895.4449767404767;-11442.081504116239;-16496.995567917296;-12870.425030043725;-20981.783685896837;-18036.13669110974;-32256.38356880946;
24809.274054679165;57982.123849645126;-28840.768795105076;-11464.165027638082;-19772.666069587;-6508.403302240766;-34061.19752659769;-19248.04827547649;6103.792024110798;-2421.2750698655927;-10880.650386887835;-16489.105402124573;-12914.346207898405;-21020.139279382143;-18082.04717422094;-32281.32811562158;
24739.67072244534;58856.255871803274;-28958.54013664009;-11494.451641375023;-19651.586669872602;-6183.140716927138;-34190.368257804905;-19314.656473953306;5189.31510321082;-2921.1271311196247;-11487.74611803843;-16488.993643402297;-12861.082000861406;-20966.87507234515;-18028.6041532283;-32232.62366445347;
24816.58307511605;58192.45376496956;-28851.676446399266;-11469.864722474185;-19782.031450513776;-6502.345979493378;-34077.827224472436;-19256.452531391686;6181.062004692794;-2388.172136327283;-10831.029514197055;-16489.574788758135;-12937.65907736529;-21043.1168726822;-18087.299834167938;-32299.745953052756;
24765.464635546763;58634.28069761762;-28941.038720731583;-11471.27288237487;-19652.07840825062;-6202.60908634771;-34175.79492042004;-19294.875180110357;5166.158695955121;-2954.900616991594;-11529.543880169855;-16505.846858721598;-12836.405674982749;-20947.071426757746;-18029.98996138453;-32211.925949087854;
24819.421746661872;58420.016875269044;-28874.899908888332;-11482.649920302621;-19793.34143320816;-6501.116633548336;-34108.449114376206;-19275.563272900974;6218.322362699791;-2386.0934240929396;-10808.677769741747;-16486.64671023449;-12957.485074697146;-21066.206224704532;-18101.426136663693;-32338.816802360634;
24800.601577830505;58415.72534033363;-28922.73264202269;-11460.36523108068;-19660.88499556601;-6227.911261071117;-34164.95432435922;-19282.469961937662;5179.50268739494;-2947.3904308546107;-11537.545804684854;-16529.539707844222;-12824.246325999062;-20929.681769571518;-18033.27566781946;-32201.75590536069;
24830.552915400614;58655.44779961679;-28886.589871238455;-11486.092088948739;-19779.550406879236;-6466.829057553895;-34105.632794574834;-19280.905339825793;6200.239801435448;-2383.8806013918643;-10803.872144683855;-16477.97423338583;-12966.895159112832;-21072.822341063304;-18093.82654354889;-32340.850811106066;
24811.755098313704;58212.68209370162;-28915.71419426372;-11456.677193245554;-19677.805266118678;-6267.38444177919;-34165.73663541515;-19277.1502467573;5214.617277934227;-2908.029008868815;-11514.299990451336;-16537.116949214575;-12827.554384178447;-20936.09672023019;-18042.730455724057;-32204.929853073343;
24832.095185768034;58860.54740673869;-28888.936804406265;-11485.242722659437;-19770.20737769692;-6446.936004988672;-34140.50151592511;-19285.53215092804;6141.320603051258;-2402.007866145118;-10833.890537487334;-16471.40282051597;-12966.582234690457;-21081.874797567703;-18092.30662492593;-32342.21426751784;
24853.999895334233;57996.76424226335;-28876.084551344462;-11436.4488645135;-19670.47389393734;-6295.234715370502;-34118.775620314555;-19242.862670762857;5257.711441244059;-2883.151517290058;-11497.938513510051;-16551.84674881062;-12817.272581729005;-20930.48643237191;-18045.52442378097;-32191.407047677883;
24838.7113021268;59052.03480148731;-28903.711307491223;-11481.442926102034;-19747.922688474977;-6398.142146842736;-34141.7085101257;-19292.036508564535;6058.82031426672;-2464.8386198089866;-10893.524991694092;-16433.002523541752;-12955.428714207259;-21068.03906774987;-18067.47383683608;-32320.242502718273;
24885.247634082752;57830.891946660515;-28857.979638335662;-11426.88231788663;-19688.75762090178;-6339.669983347653;-34108.002079487094;-19234.592525314394;5352.214616801098;-2839.6773743244858;-11444.897823917607;-16556.920594801973;-12823.531070176492;-20932.00635099487;-18051.917022695186;-32195.27389946865;
24861.77830240468;59173.024794223886;-28904.359508080426;-11483.722804036475;-19734.981028435355;-6349.415343930166;-34156.08068181046;-19290.516589941573;5940.736048309333;-2527.9599461507737;-10961.340184371495;-16437.96461081083;-12951.874786838865;-21058.427817634085;-18055.806226230412;-32319.34843294006;
24933.348588150573;57713.54528827016;-28839.47239392667;-11430.056265599284;-19704.336786787127;-6370.582445929343;-34090.50066357859;-19218.923952451223;5449.288242970496;-2789.2294870888577;-11366.86788402413;-16559.647507625523;-12823.754587621044;-20930.978170749924;-18048.72072323808;-32195.8997483134;
24865.533395473172;59308.38695864522;-28924.878409490397;-11494.362234397202;-19728.342560332127;-6321.430959872122;-34189.00480139313;-19306.408680249297;5830.005506277741;-2589.0919672360383;-11023.142757790418;-16426.744035094267;-12941.816501833977;-21049.442416363054;-18043.110435379796;-32304.35041241055;
24955.767387839245;57638.82340655606;-28824.295559441514;-11431.5985359667;-19730.1083481441;-6428.361705346311;-34087.57258505495;-19223.2378391311;5592.652331906836;-2701.7224075463305;-11271.18006601096;-16568.275280985272;-12846.642773943278;-20957.196766996;-18069.91017698171;-32216.843332868022;
24896.132933632485;59355.07975281236;-28922.553828067044;-11496.03861523135;-19700.80521116319;-6274.581703493799;-34194.68214448478;-19305.983997104646;5687.066100486052;-2662.740965216275;-11127.503052652246;-16450.034552816698;-12930.215946461673;-21043.40744536012;-18046.86552844829;-32294.694458805858;
24979.728457895337;57632.564918108576;-28819.288768683527;-11437.477044758445;-19741.395979094028;-6459.452981883644;-34075.50264304908;-19213.00074017057;5711.161281008874;-2638.9587091158282;-11185.394070791492;-16550.393885421025;-12846.083980331896;-20960.72834261994;-18069.28432813696;-32219.771411391666;
24913.276721629707;59353.06809581138;-28936.277799162603;-11490.249513417426;-19690.90338836949;-6242.395191478156;-34202.43819981077;-19308.621502950373;5564.869113548889;-2711.914803017951;-11206.918800701953;-16449.609869672047;-12920.716455068166;-21035.092596422746;-18044.920926680676;-32287.34073488006;
25030.779842231255;57671.27813950517;-28808.872855767353;-11424.423625996546;-19750.739008276345;-6485.492764174076;-34070.898183691286;-19205.155277866757;5831.994811534263;-2565.6673390468764;-11091.404985356927;-16538.458053881892;-12858.802122926965;-20971.18895902502;-18067.563243813904;-32223.437097482336;
24950.31356219215;59298.32867364034;-28942.178659698806;-11484.907446492607;-19677.067658551652;-6212.4662056525;-34180.33232454447;-19299.591398190427;5431.585661361893;-2781.1605073404917;-11294.023548844285;-16459.712858165843;-12901.292789136505;-21010.148049610623;-18028.782967183946;-32269.99578118274;
25082.7699998343;57753.5325591007;-28800.312137640973;-11421.83082363973;-19762.361915393107;-6506.704569662163;-34059.767014952544;-19193.107687605345;5954.057688004696;-2500.6684661708437;-10998.354673189482;-16504.30458835418;-12870.536788766001;-20976.016935827367;-18057.974345442577;-32228.801516151612;
24989.51852196676;59182.99367225095;-28956.103796494463;-11480.504152834912;-19670.183321259417;-6203.726673570475;-34200.94063293227;-19294.875180110357;5316.742398350525;-2844.3712406601003;-11376.836762051196;-16458.952898854364;-12873.576626011924;-20979.906139362593;-18014.03081584344;-32236.848144155523;
25113.39188973807;57907.0666917642;-28829.436460666235;-11429.966858621461;-19767.838092784656;-6520.361485524355;-34052.703863704664;-19206.205809856154;6052.807695008242;-2438.6423753073664;-10922.06816936352;-16502.06941390865;-12902.41037635927;-21007.756412953906;-18077.15214218523;-32268.5652695376;
25039.13939465754;59033.415798356036;-28960.864718063443;-11466.355498594701;-19646.64693434798;-6184.861801250196;-34186.657868225324;-19287.253235251097;5238.444237523585;-2876.893028842572;-11438.482873258934;-16466.46308499135;-12856.231672314605;-20962.829406598736;-18016.75772866699;-32229.181495807352;
25148.797052955277;58089.88160966416;-28849.7094928872;-11448.652916986099;-19783.95370053693;-6522.015514614048;-34072.19458486969;-19226.99293219959;6155.737478224931;-2381.5560199685124;-10852.107209218408;-16488.45720153537;-12921.632876590835;-21027.962389941502;-18087.679813823677;-32299.276566419194;
25104.518247189313;58811.70884510384;-28948.526555124114;-11461.147542136616;-19656.012315274755;-6201.692664825042;-34187.10490311443;-19275.85384557889;5200.9603620720345;-2898.0824825862032;-11495.256304175415;-16492.704032981877;-12840.87602387381;-20951.608830882175;-18029.408816028692;-32227.415707995384;
25187.73379179642;58288.36510042728;-28864.12636806087;-11458.666498502076;-19798.258816988327;-6514.997066855081;-34072.30634359197;-19241.94624924019;6174.311777867291;-2379.9913978566406;-10839.232604412151;-16486.6914137234;-12932.22760346265;-21046.380227372676;-18099.570941873902;-32331.35131971256;
25152.730959979413;58603.8823251584;-28948.548906868567;-11472.83750448674;-19680.353364986582;-6226.704266870531;-34181.60637397842;-19284.593377660916;5161.889512764158;-2909.727741447418;-11535.869423850707;-16505.6456930215;-12842.30653551895;-20955.900365817593;-18048.51955753798;-32227.61687369548;
25215.09232700972;58521.06911195149;-28882.924185147785;-11483.365176125191;-19810.082889805188;-6523.043694858992;-34119.93791102623;-19271.271737965555;6176.79282150183;-2359.4724964466686;-10827.453235084206;-16478.823599675132;-12966.09049631244;-21081.472466167506;-18119.7769188615;-32356.608790947055;
25202.351832670192;58382.22007539512;-28927.650025802857;-11461.594577025722;-19687.9976615903;-6268.122049346215;-34158.24880102263;-19268.455418164187;5159.6990418075375;-2888.6500464260635;-11541.233842519981;-16536.848728281107;-12836.584488938392;-20950.84887157069;-18062.221176889085;-32229.650882440914;
25238.449899965515;58727.50982374071;-28893.608318997423;-11483.94632148103;-19802.550351923746;-6488.040863041981;-34123.62594886136;-19270.064743764968;6128.4012947560905;-2373.665854175789;-10840.327839890462;-16465.099628579574;-12965.41994397878;-21077.851483565748;-18106.47763091059;-32353.032511834208;
25251.123339071673;58170.303186214354;-28913.546075051556;-11454.263204844381;-19704.04621410921;-6300.420320084134;-34146.02239680557;-19258.82181630395;5198.300504481853;-2858.4304879224883;-11518.815042831307;-16539.866213782574;-12829.856613857344;-20941.215269710454;-18062.422342589183;-32219.749059647213;
25256.465405996492;58930.12838722806;-28918.306996620537;-11502.587676356754;-19804.204381013442;-6475.143906491269;-34160.14869930133;-19308.1074128279;6086.849401813674;-2392.240153818149;-10872.112020505909;-16470.17347457093;-12973.265406282593;-21090.502570927452;-18113.518430414013;-32366.108282340563;
25292.42936282508;57974.79247746379;-28909.701575005245;-11453.659707744087;-19715.490307270327;-6352.768105598463;-34148.771661373576;-19265.214415218165;5278.0291769539335;-2817.0797606801702;-11492.12705995167;-16570.84573159763;-12832.807044125444;-20948.680752358527;-18081.8683602653;-32224.867609127476;
25302.53235131888;59083.01431930236;-28928.49939209216;-11491.143583195637;-19774.454209143427;-6414.1459958727355;-34171.816309907;-19300.306654013;6016.642572479555;-2434.172026416305;-10929.287782822585;-16452.67205866242;-12976.260540039604;-21084.64641388016;-18098.699223840147;-32363.5378317282;
25379.221186545037;57803.46635621385;-28873.268231543094;-11439.041666870316;-19715.602065992603;-6369.666024406675;-34105.27516666355;-19227.79759499998;5366.497381508038;-2773.091527592126;-11431.486777244423;-16542.36960916157;-12830.571869679914;-20938.376598164632;-18064.612813545802;-32215.36811773397;
25352.287334476394;59225.21611752702;-28931.047490960063;-11492.596446585232;-19747.09567393013;-6365.463896449077;-34177.87363265439;-19300.507819713097;5872.7643934207435;-2508.715094174754;-10999.114632500963;-16423.391273425972;-12952.634746150345;-21058.874852523193;-18068.77023801449;-32330.993691801275;
25456.62527759377;57699.329578796576;-28839.6065043934;-11417.986323593417;-19714.819754936667;-6405.518222512987;-34079.905936706775;-19206.36227206734;5457.871312841334;-2715.0887507306043;-11353.30037513976;-16550.595051121123;-12832.58352668089;-20939.628295854127;-18071.877130493776;-32221.51484745918;
25408.658433992678;59314.444281392614;-28934.802584028555;-11491.03182447336;-19727.739063231835;-6332.226852444035;-34195.553862518536;-19304.329968014954;5744.443028502826;-2563.678033790354;-11075.647005515935;-16452.69441040688;-12947.918528070275;-21054.963297243514;-18069.6643077927;-32333.810011602643;
25530.72131046311;57654.715496863784;-28830.84462056692;-11416.39934973709;-19716.294970070718;-6436.855368239328;-34057.26361957355;-19197.30981556294;5602.1071198114305;-2628.0510578216386;-11252.98574602434;-16525.784614775734;-12847.089808832385;-20951.38531343762;-18070.491322337548;-32229.51677197418;
25487.00129830853;59347.6589736532;-28942.02219748762;-11479.65478654561;-19698.368871017563;-6283.6565117426535;-34185.473225769194;-19293.042337065024;5633.533672515592;-2615.6681913933985;-11152.626413420012;-16420.887878046975;-12934.954516286198;-21043.139224426657;-18053.593403529336;-32312.799371814654;
25634.321646013457;57640.320973434566;-28814.349033158906;-11415.572335192244;-19738.937287203942;-6479.1225170043135;-34058.76118645206;-19195.633434728796;5712.792958354111;-2574.496278106723;-11167.467971738335;-16517.715635027365;-12848.609727455347;-20962.09179903171;-18069.999583959532;-32233.696548187323;
25551.061397917438;59316.63475234923;-28961.7364360972;-11507.66152234811;-19714.998568892308;-6283.321235575823;-34201.320612588;-19323.35130254642;5490.460156257172;-2692.155860919459;-11251.197606467917;-16441.96557306833;-12930.215946461673;-21048.101311695733;-18057.728476253567;-32302.33875540957;
25676.36527733389;57685.47149723429;-28826.776603076054;-11447.960012907984;-19783.372555181093;-6545.663660247763;-34078.56483203946;-19231.753853768572;5826.049247509151;-2513.274850043637;-11097.238790659761;-16535.284106169238;-12883.791373228;-21005.007148385903;-18099.883866296277;-32263.893754946443;
25598.000061273582;59241.13055957921;-28970.520671668135;-11515.350522440734;-19713.679815969448;-6272.167715092625;-34207.46734231321;-19339.98100042117;5365.87153266329;-2753.3996407270006;-11352.048677450262;-16490.98294865882;-12926.974943515652;-21045.374398872187;-18073.285290394462;-32308.463133390327;
25753.322333493514;57804.606295181075;-28825.636664108835;-11450.709277475988;-19788.826380828188;-6552.972680684648;-34060.817546941944;-19231.172708412734;5943.08298147714;-2432.629756048889;-11011.206926251285;-16529.874984011054;-12920.425882390247;-21031.248096376432;-18113.04904378045;-32299.20951118583;
25699.52168458959;59118.5535929863;-28948.951238268764;-11489.80247852832;-19678.632280663525;-6238.4612844540225;-34182.27692631208;-19308.800316906014;5248.457819039562;-2800.0700831496815;-11424.155405063082;-16464.607890201558;-12888.93227445272;-20996.982872126446;-18038.885955677742;-32258.886964188456;
25817.11421216896;57955.59232897667;-28829.637626366333;-11451.73745772093;-19798.124706521598;-6567.68012853624;-34061.26458183105;-19231.083301434912;6034.300450599248;-2385.333464781459;-10925.420931031817;-16509.8478209791;-12930.08183599494;-21036.79132900135;-18100.15208722974;-32300.528264108692;
25785.03945887559;58944.411151935004;-28934.48965960618;-11468.523617806866;-19668.909271825465;-6236.4719791975;-34175.77256867559;-19288.77315387406;5184.889457808668;-2842.4042871480333;-11476.659652788598;-16478.22010257484;-12870.872064932832;-20976.374563738653;-18031.88985966323;-32237.853972656012;
25867.11506451548;58148.46553188152;-28837.974827048165;-11461.907501448095;-19807.35597698164;-6573.066898949969;-34074.22859361513;-19239.800481772483;6093.107890261161;-2363.9875488266407;-10875.330671707472;-16511.524201813245;-12937.390856431826;-21044.21210816051;-18099.92856978519;-32318.275549206206;
25826.747814029197;58763.29496661365;-28939.228229430704;-11479.69949003452;-19684.555492944182;-6256.566197462821;-34189.69770547125;-19292.260026009088;5155.54161733885;-2854.4295256649884;-11507.549763625833;-16513.781728003232;-12866.625233486324;-20973.513540448374;-18047.51372903749;-32246.034711126653;
25919.373443051987;58357.32023207191;-28848.23427775315;-11478.872475489674;-19810.01583457182;-6552.749163240095;-34081.582317540924;-19250.171691199743;6151.803571200797;-2321.340420405915;-10827.743807762125;-16481.908140409963;-12951.673621138767;-21062.227614191488;-18097.805154061934;-32327.81974408862;
25894.808875895607;58528.02050447709;-28920.92215072181;-11474.245664387425;-19682.454428965382;-6266.333909789791;-34151.31976024148;-19272.76930484406;5119.465901787985;-2873.450860196455;-11535.355333728236;-16514.385225103524;-12833.20937552564;-20944.836252312216;-18033.32037130837;-32214.47404795576;
25958.46664410432;58580.055365569046;-28885.315821804503;-11493.691682063543;-19809.658206660533;-6531.872633918838;-34081.582317540924;-19273.43985717772;6138.97366988345;-2332.851568800398;-10819.205441380196;-16468.54179722569;-12965.531702701057;-21077.136227743176;-18094.13946797126;-32335.64285464798;
25964.94864999636;58307.78876635895;-28920.117487921416;-11474.26801613188;-19699.70997568488;-6314.568974324343;-34148.503440440116;-19274.065706022466;5159.855504018725;-2857.6928803554633;-11532.4719586935;-16535.597030591613;-12841.367762251826;-20954.827482083736;-18051.537043039447;-32212.395335721416;
26018.034043077714;58791.68168207189;-28889.67441197329;-11487.924931994074;-19787.708793605423;-6500.736653892595;-34103.30821315148;-19276.971432801656;6130.7482279238975;-2351.3141097204816;-10845.71461030419;-16474.174436828427;-12975.299415028026;-21088.088582526278;-18103.907180298233;-32352.160793800453;
26048.63358123703;58094.530772510865;-28911.512066306124;-11470.669385274576;-19698.570036717658;-6346.487265406521;-34140.43446069175;-19258.53124362603;5226.150778073165;-2835.5199498557986;-11515.685798607565;-16548.94102203143;-12840.54074770698;-20948.211365724965;-18059.024877431977;-32215.681042156346;
26070.87356697006;58980.062184341215;-28923.649063545356;-11515.596391629744;-19780.042145257252;-6464.482124386088;-34113.813533045475;-19293.19879927621;6065.816410281231;-2385.8028514150205;-10879.10811652042;-16451.62152667302;-12990.14097334635;-21093.341242473274;-18096.6205116058;-32353.613657190046;
26096.01927948228;57906.8655260641;-28910.305072105537;-11482.51580983589;-19723.51458352978;-6399.974989888071;-34131.11378325389;-19267.00255477459;5295.9329242626345;-2790.101205122615;-11469.261225373892;-16556.6076703796;-12856.410486270248;-20958.649630385593;-18068.636127547757;-32212.08241129904;
26098.857951028105;59122.15222384361;-28922.397365855857;-11514.23293521797;-19769.40271489653;-6438.263528140013;-34152.43734746425;-19305.06757558198;5955.667013605477;-2443.5374073430785;-10952.086562166996;-16463.333840767606;-12986.89997040033;-21092.335413972785;-18092.172514459195;-32346.662264664446;
26160.36995176911;57741.820245006114;-28872.463568742704;-11465.93081545005;-19738.020865681276;-6439.381115362778;-34122.08367849394;-19246.1930806867;5373.53818101146;-2754.2043035273914;-11417.293419515303;-16551.84674881062;-12845.704000676156;-20952.212327982466;-18070.67013629319;-32210.294271742616;
26127.177611252977;59253.98281264101;-28944.033854488596;-11533.768359871909;-19768.77686605178;-6403.484213767554;-34174.789091919556;-19329.54273576054;5844.087105284585;-2512.917222132352;-11025.735560147234;-16465.278442535215;-12980.082688341463;-21090.346108716265;-18092.686604581668;-32349.8362123771;
26223.91596125555;57649.64165087243;-28852.972847577676;-11467.69660326202;-19757.936269990954;-6478.9437030486715;-34110.01373648807;-19240.806310272972;5529.955688709699;-2679.3036078576574;-11330.233374861882;-16556.47355991287;-12864.032431129508;-20971.14425553611;-18088.462124879614;-32225.67227192787;
26151.429253986986;59316.612400604776;-28961.937601797297;-11545.592432688765;-19775.013002754808;-6392.397748517722;-34244.325368920014;-19349.59225053695;5734.451798731304;-2579.5701240980775;-11112.39327340046;-16461.791570400186;-12968.124505057873;-21077.89618705466;-18082.337746898862;-32335.97813081481;
26260.48341518443;57605.429900339834;-28848.23427775315;-11476.905521977607;-19787.73114534988;-6540.075724133936;-34111.46659987767;-19252.42921738973;5652.733821002701;-2605.3193337105913;-11241.720466818866;-16589.12945856207;-12886.764155240555;-20997.027575615357;-18115.664197881724;-32260.00455141122;
26197.317385353734;59325.46369140908;-28960.238869218694;-11541.077380308794;-19751.186043165453;-6356.389088200222;-34249.48862188919;-19347.848814469435;5593.836974362966;-2638.1987498043477;-11200.637960510012;-16481.863436921052;-12962.447161966225;-21073.425838163595;-18089.847933035842;-32334.16763951393;
26311.24422684243;57614.392949866415;-28839.919428815774;-11481.08529819075;-19801.991558312366;-6579.571256586463;-34112.695945822714;-19244.270830663543;5754.94834839682;-2540.8345509570304;-11160.11424781254;-16612.33056930668;-12901.158678669774;-21012.1597066116;-18126.30362824245;-32281.171653410394;
26247.407644678075;59290.192638658606;-28959.389502929393;-11522.123101010693;-19714.23860958083;-6307.081139931815;-34221.3254238755;-19326.860526425902;5452.216321494141;-2696.0897679435934;-11284.881685362065;-16457.857663376053;-12947.762065859088;-21052.34814314224;-18067.831464747367;-32301.377630397994;
26370.543404882363;57693.27225604919;-28818.12647797185;-11459.828789213752;-19784.288976703763;-6576.665529807274;-34079.7941779845;-19221.60616178586;5884.610817982057;-2464.1233639864167;-11049.204891825306;-16542.302553928203;-12904.958475227175;-21005.72240420847;-18096.39699416125;-32261.345656078538;
26295.530950490353;59188.64866359814;-28940.234057931193;-11499.167859455092;-19685.740135400312;-6265.171619078114;-34194.45862704022;-19304.978168604157;5349.398296999729;-2765.8942658775172;-11354.730886784899;-16455.39897148597;-12911.909867752776;-21007.39878504262;-18034.683827720146;-32264.497252046738;
26407.28967276689;57808.40609173848;-28826.597789120413;-11471.921082964074;-19801.25395074534;-6595.306884682999;-34079.92828845123;-19230.770377012537;5998.582362959667;-2426.52772981259;-10963.754172772668;-16516.396882104502;-12919.531812612035;-21017.278256091864;-18088.976215002087;-32268.364103837506;
26326.10813690521;59051.364249153645;-28959.05422676256;-11512.869478806197;-19691.149257558496;-6280.303750074358;-34218.64321454087;-19314.96939837568;5263.65700526917;-2824.187615416958;-11428.379884765136;-16491.45233529238;-12905.427861860737;-21004.20248558551;-18044.04920864692;-32251.66735072939;
26437.28571382591;57975.932416431;-28829.86114381089;-11470.490571318935;-19798.638796644067;-6593.518745126575;-34065.95844816667;-19233.586696813905;6098.204087996971;-2371.8330111304535;-10895.268427761606;-16520.33078912864;-12943.17995824575;-21042.2675063929;-18104.175401231696;-32295.812046028623;
26400.65120466366;58848.03042984372;-28925.10192693495;-11483.767507525386;-19659.633297876513;-6259.38251726419;-34173.96207737471;-19279.452476436196;5185.828231075791;-2866.1418397595694;-11488.975463983472;-16496.07914639463;-12870.045050387986;-20970.71957239146;-18033.34272305283;-32226.320472517073;
26474.166092177165;58176.740488617485;-28835.89611481382;-11483.901617992118;-19805.746651380858;-6590.2553904361;-34089.494835078105;-19247.869461520848;6121.4722539749455;-2370.402499485314;-10861.651404100825;-16493.128716126528;-12948.633783892845;-21048.771864029393;-18097.6710435952;-32307.45730488984;
26441.55489701687;58655.8948345059;-28915.378918096892;-11490.853010517718;-19676.777085873735;-6281.555447763854;-34169.536431972556;-19276.90437756829;5129.367724581686;-2888.314770259234;-11529.789749358863;-16514.206411147883;-12856.45518975916;-20955.14040650611;-18037.880127177254;-32212.395335721416;
26496.070801743368;58400.01206398154;-28847.831946352955;-11504.554629868822;-19817.660131175537;-6585.650931078307;-34098.88256774933;-19260.67701109374;6130.234137801425;-2355.784458611543;-10835.723380532669;-16485.886750923008;-12962.693031155233;-21063.92634677009;-18099.950921529642;-32312.911130536933;
26470.835682253324;58456.159646053275;-28920.944502466264;-11509.784938071363;-19701.006376863286;-6332.830349544329;-34183.8191966795;-19292.66235740928;5112.648619729116;-2885.900781858061;-11546.017115833416;-16548.94102203143;-12861.238463072594;-20963.678772888037;-18061.90825246671;-32212.551797932603;
26526.647988158227;58630.257383615666;-28866.406245995313;-11523.508909166922;-19813.010968328832;-6572.239884405123;-34105.54338759701;-19281.754706115094;6108.4411869575015;-2355.672699889267;-10836.170415421775;-16500.258922607773;-12978.674528440777;-21081.450114423053;-18113.07139552491;-32327.551523155158;
26519.20485725461;58248.86956797476;-28901.58789176797;-11510.522545638389;-19717.81488869368;-6372.683509908141;-34165.557821459515;-19288.43787770723;5134.01688742839;-2867.4605926824324;-11533.65660114963;-16554.21603372288;-12855.918747892232;-20960.70599087548;-18068.390258358748;-32207.500303685705;
26565.472968277096;58842.73306640781;-28862.986429093653;-11522.972467299995;-19800.38223271158;-6533.1243316083355;-34119.535579626034;-19290.226017263656;6052.6735845415105;-2378.046796089029;-10863.998337268631;-16487.58548350161;-12975.969967361685;-21083.350012701754;-18107.14818324425;-32337.49804943777;
26583.98021268609;58042.11593176317;-28875.123426332884;-11499.436080388556;-19731.650618511514;-6407.306362069412;-34155.45483296571;-19279.206607247186;5164.2140941875095;-2851.903778541539;-11518.904449809128;-16557.792312835732;-12838.372628494815;-20943.47279590044;-18059.67307802118;-32191.74232384471;
26569.83155844588;59042.15533043806;-28909.09807790495;-11553.5273019704;-19823.06925333372;-6533.928994408727;-34183.036885623565;-19339.77983472107;5958.617443873578;-2426.818302490509;-10921.487024007682;-16494.6933382384;-12999.19342985075;-21108.13809730269;-18113.25020948055;-32357.256991536262;
26649.247306495585;57900.16000272751;-28865.467472728193;-11489.578961083766;-19741.23951688284;-6443.89616774275;-34128.09629775242;-19270.48942690962;5249.933034173612;-2790.9058679230056;-11474.715051020987;-16595.164429565004;-12868.636890487302;-20969.57963342424;-18082.404802132227;-32207.94733857481;
26653.158861775264;59223.629143670696;-28891.507255018623;-11527.912202824618;-19773.29191843175;-6449.417048623211;-34150.62685616337;-19310.83432565145;5876.675948700422;-2456.881398782897;-10968.22452166373;-16461.74686691128;-13000.132203117873;-21093.229483750998;-18082.0695259654;-32322.38827018598;
26719.47648757416;57794.123327031535;-28823.937931530232;-11470.244702129925;-19738.356141848104;-6463.588054607875;-34088.24313738861;-19242.505042851575;5370.118364109799;-2725.4599601578666;-11382.782326076309;-16556.22769072386;-12852.45422750166;-20941.975229021937;-18049.8606622053;-32177.7948353046;
26663.015981080054;59344.52972942946;-28920.43041234379;-11554.33196477079;-19780.48918014636;-6430.663935025208;-34196.40322880784;-19345.367770834895;5757.3623367979935;-2520.2485943136926;-11034.162167806884;-16444.24545100277;-12984.418926765791;-21072.35295442974;-18055.225080874574;-32303.210473443327;
26744.130461708362;57715.2216691043;-28824.09439374142;-11481.644091802133;-19783.73018309238;-6537.9970118995925;-34107.55504459799;-19254.574984857438;5492.85179291389;-2644.9266248853955;-11294.42588024448;-16597.19843831044;-12885.847733717888;-20973.267671259364;-18078.470895108094;-32216.03867006763;
26692.855559927888;59385.90280841623;-28910.48388606118;-11535.601202917243;-19754.62821181157;-6389.447318249621;-34191.843472938956;-19336.091796885943;5617.887451396877;-2581.3135601655913;-11125.267878206716;-16469.30175653717;-12972.572502204479;-21058.852500778736;-18049.480682549558;-32300.461208875327;
26794.53364545508;57671.12167729398;-28784.487102566614;-11461.952204937006;-19779.25983420132;-6565.512009324076;-34070.808776713464;-19230.323342123433;5601.213050033218;-2589.8966300364295;-11208.08109141363;-16552.897280800018;-12866.379364297316;-20951.80999658227;-18051.17941512816;-32200.57126290456;
26706.08779264543;59391.64720674124;-28911.109734905927;-11537.009362817927;-19753.845900755634;-6372.370585485767;-34210.39542083686;-19340.852718454924;5474.903342116278;-2656.9518634023507;-11213.60197229409;-16490.02182364724;-12948.343211214926;-21034.578506300273;-18040.539984767438;-32298.58366234108;
26837.337236086994;57705.9233434109;-28762.761206956056;-11458.197111868514;-19796.425973942994;-6591.127108469857;-34065.46670978865;-19220.488574563096;5744.577138969557;-2513.2524982991813;-11104.950142496842;-16557.300574457717;-12875.968262668643;-20960.70599087548;-18058.063752420396;-32223.32533876006;
26736.77673778257;59330.29166821142;-28911.132086650385;-11523.911240567119;-19728.588429521136;-6326.616564585754;-34192.446970039244;-19328.223982837677;5367.458506519617;-2727.0245822697384;-11294.649397689032;-16495.945035927896;-12916.715492810667;-21002.235532073442;-18023.798528170413;-32273.639115528957;
26844.98153269071;57797.63255091102;-28775.41229431776;-11477.821943500274;-19817.05663407524;-6613.92588781427;-34048.25586655806;-19235.553650325972;5885.191963337894;-2444.4761806102015;-11006.267190726661;-16544.627135351555;-12902.231562403627;-20982.141313808123;-18063.428171089672;-32247.308760560605;
26773.880633578377;59220.92458259161;-28901.565540023512;-11524.13475801167;-19720.295932328216;-6308.019913198938;-34186.1214263584;-19320.62438972287;5278.275046142941;-2775.9749026268605;-11369.415982892035;-16491.5417422702;-12900.063443191462;-20980.554339951796;-18011.862696631277;-32248.87338267248;
26880.252585441183;57925.03749430627;-28767.835052947412;-11477.777240011364;-19828.72424468091;-6630.220309522189;-34045.14897407877;-19245.544880097495;5991.273342522782;-2398.4986422656348;-10930.271259578618;-16544.917708029476;-12918.593039344913;-20998.0557558603;-18066.490360080046;-32268.7664352377;
26804.614282204424;59074.654766876076;-28897.274005088093;-11519.127967253682;-19719.983007905845;-6301.940238707094;-34170.162280817305;-19328.335741559953;5208.068216808822;-2826.6239555625866;-11433.856062156685;-16514.4969838258;-12891.569780298447;-20969.669040402063;-18015.28251353294;-32238.32335928957;
26907.23114099874;58109.59584827374;-28785.8952624673;-11495.74804255343;-19841.330628553704;-6636.299984014033;-34050.69220670369;-19261.124045982844;6088.548134392278;-2358.176095268261;-10866.814657070001;-16529.80792877769;-12933.635763363334;-21013.880790934658;-18068.077333936373;-32284.25619414523;
26841.338198344496;58886.16250588447;-28903.39838306885;-11527.08518827977;-19718.396034049518;-6317.7652737814515;-34174.38676051936;-19332.82844219547;5154.535788838361;-2851.926130285994;-11487.120269193681;-16531.484309611835;-12883.210227872161;-20959.81192109727;-18021.071615346864;-32230.544952219127;
26923.927894106855;58317.08709205235;-28799.351012629395;-11511.058987505316;-19848.349076312672;-6627.560451932008;-34050.759261937055;-19277.127895012844;6143.064039118772;-2315.663077314267;-10823.385217593339;-16529.047969466206;-12965.911682356798;-21042.49102383745;-18082.20363643213;-32317.71675559482;
26888.723896589745;58669.55175036809;-28885.271118315595;-11508.957923526517;-19728.14139463203;-6330.304602420879;-34153.08554805345;-19314.34354953093;5146.131532923167;-2859.0116332783264;-11519.887926565163;-16555.378324434558;-12867.742820709089;-20945.171528479044;-18022.390368269727;-32210.316623487073;
26968.027885917174;58536.11183596991;-28797.60757656188;-11499.346673410735;-19834.267477305828;-6586.097965967413;-34029.860380871345;-19276.949081057202;6180.257341892403;-2301.5814783074234;-10806.800223207501;-16503.522277298245;-12978.920397629787;-21055.320925154796;-18074.44758110614;-32317.001499772254;
26941.026978615166;58446.21311977066;-28846.267324241082;-11486.092088948739;-19712.763394446778;-6342.106323493282;-34107.71150680918;-19287.923787584758;5150.020736458389;-2861.1350490015807;-11535.310630239324;-16532.914821256974;-12832.382360980793;-20913.789679263795;-18001.156211037185;-32170.195242189795;
26983.562348313615;58747.93931817285;-28804.648376065303;-11499.011397243905;-19823.24806728936;-6573.223361161156;-34062.87390743183;-19283.34167997142;6150.328356066747;-2334.527949634546;-10823.832252482445;-16481.148181098484;-12963.85532186691;-21045.441454105552;-18057.43790357565;-32312.128819480997;
26962.775225970177;58235.41381781267;-28845.7085306297;-11487.857876760707;-19733.774034234768;-6389.626132205264;-34115.355803412895;-19277.798447346504;5188.845716577258;-2838.984470246371;-11511.126042738682;-16576.545426433735;-12833.768169137022;-20909.118164672633;-18016.131879822242;-32191.18353023333;
26980.34369711205;58963.43248646647;-28835.873763069365;-11517.026903274884;-19814.709700907435;-6524.429503015221;-34066.04785514448;-19290.87421785286;6092.459689671957;-2341.7475630936106;-10837.243299155629;-16482.44458227689;-12972.684260926755;-21044.659143049616;-18054.263955862996;-32335.084061036596;
26999.87912176599;58044.820492842264;-28838.555972404003;-11483.074603447272;-19739.496080815326;-6429.971030947093;-34090.65712578978;-19264.52151114005;5258.829028466825;-2779.9088096509945;-11457.191283368025;-16559.960432047897;-12830.527166191003;-20895.215379621433;-18011.57212395336;-32193.821036079054;
26991.653679806434;59145.55450028831;-28868.261440785103;-11527.487519679968;-19800.762212367325;-6504.156470794257;-34104.582262585434;-19309.001482606112;6005.064368851706;-2371.587141941445;-10873.9672152957;-16487.987814901808;-12980.797944164033;-21044.83795700526;-18050.262993605495;-32333.519438924726;
27059.155948061463;57877.29416814973;-28812.76205930258;-11461.482818303444;-19738.937287203942;-6460.61527259532;-34058.49296551859;-19235.57600207043;5347.565453954394;-2722.1742537229366;-11387.520895900834;-16544.269507440273;-12823.240497498573;-20882.877216682104;-18002.65377791569;-32169.45763462277;
27026.142421500972;59271.32776633833;-28879.19144382375;-11524.80531034533;-19783.886645303566;-6453.306252158434;-34110.50547486609;-19308.129764572353;5898.178326866428;-2435.8037037615422;-10939.301364338562;-16459.668154676932;-12967.275138768571;-21031.605724287718;-18029.98996138453;-32316.86738930552;
27101.154875892982;57754.04664922317;-28804.111934198372;-11464.165027638082;-19755.723447289878;-6486.18566825219;-34027.02170932552;-19235.218374159143;5460.84409485389;-2683.572791048621;-11318.76692995631;-16550.08096099865;-12823.106387031841;-20890.767382474827;-18011.907400120188;-32174.732646314224;
27037.25123849526;59368.490799485546;-28887.57334799449;-11532.404903460134;-19768.10631371812;-6406.881678924761;-34108.62792833184;-19325.809994436502;5778.909418452909;-2511.35260002048;-11022.069874056564;-16455.82365463062;-12959.22851076466;-21029.72817775347;-18031.264010818482;-32306.40677290044;
27127.50758260579;57684.309206522616;-28779.055628663973;-11467.026050928362;-19785.495970904347;-6536.7676659545505;-34011.48724692908;-19236.581830570918;5594.708692396724;-2607.9121360674067;-11233.6514870705;-16547.28699294174;-12838.372628494815;-20911.018062951334;-18030.48169976255;-32187.339030187017;
27052.338666002594;59393.368291064304;-28894.18946435326;-11540.742104141964;-19771.839055042157;-6375.008091331493;-34122.32954768295;-19340.472738799184;5628.929213157799;-2590.7236445812755;-11134.566203900124;-16470.30758503766;-12941.727094856155;-21023.35793058371;-18035.466138776083;-32295.610880328524;
27150.32871369466;57673.870941861984;-28771.612497760358;-11480.280635390358;-19816.766061397324;-6580.0853467089355;-34009.520293417016;-19246.43894987571;5694.732748834223;-2550.758725495187;-11165.143390314985;-16566.151865262018;-12859.83030317191;-20942.66813310005;-18058.644897776234;-32220.91135035889;
27076.098570358583;59365.58507270635;-28894.412981797814;-11539.132778541181;-19760.52907234777;-6352.142256753714;-34139.42863219126;-19351.02276218209;5478.680786929225;-2676.4649363118338;-11238.434760383936;-16486.132620112017;-12933.65811510779;-21016.138317124645;-18037.47779577706;-32296.460246617826;
27195.72510668339;57706.43743353336;-28750.44539576118;-11471.6081585417;-19818.643607931568;-6602.951181286715;-34006.59221489337;-19243.80144402998;5821.802416062644;-2492.2865620001035;-11079.759726495711;-16559.13341750305;-12872.637852744801;-20955.922717562047;-18061.10358966632;-32235.417632510384;
27100.283157859227;59285.40936534517;-28883.371220036894;-11523.039522533361;-19727.76141497629;-6314.34545687979;-34136.411146689796;-19336.20355560822;5359.657747704715;-2749.5998441695983;-11334.033171419283;-16491.273521336738;-12914.010931731575;-20993.25013080241;-18025.229039815553;-32276.231917885772;
27202.452981764436;57825.97456288035;-28759.07316912093;-11476.503190577412;-19827.763119669333;-6619.782044861561;-34013.76712486352;-19251.71396156716;5939.394943642014;-2427.1982821462493;-10988.117574228952;-16542.727237072853;-12904.802013015988;-20976.508674205386;-18063.405819345215;-32262.798519468135;
27127.239361672328;59171.66133781211;-28886.94749914974;-11517.719807352998;-19722.732272473844;-6296.709930504552;-34141.97673105916;-19330.146232860832;5266.942711704101;-2784.4238620309666;-11392.862962825653;-16490.848838192087;-12903.818536259954;-20972.798284625806;-18013.717891421067;-32252.248496085227;
27226.7269762429;57979.95573043296;-28759.520204010038;-11479.297158634325;-19843.58815474369;-6628.700390899228;-34028.4298692262;-19253.68091507923;6038.122598901105;-2359.4277929577584;-10901.705730164735;-16534.211222435384;-12931.624106362357;-21001.319110550776;-18067.29502288044;-32279.29410687615;
27147.199469470917;59018.19426038197;-28889.85322592893;-11515.70815035202;-19721.7040922289;-6306.567049809343;-34160.68514116826;-19328.715721215693;5177.938065283068;-2822.8465107496395;-11453.07856238825;-16518.855573994588;-12890.45219307568;-20963.455255443485;-18018.56821996787;-32239.66446395689;
27245.167165418527;58165.72107860102;-28753.37347428483;-11474.424478343068;-19822.175183555508;-6617.278649482567;-34021.52318018951;-19246.796577786994;6108.955277079974;-2310.477472600636;-10835.499863088115;-16523.5494403302;-12947.985583303642;-21018.194677614534;-18069.6643077927;-32294.560348339124;
27192.595862459646;58798.18603970839;-28850.827080109964;-11489.757775039408;-19704.582655976137;-6320.223965671536;-34151.85620210841;-19307.34745351642;5126.663163502594;-2852.8202000642063;-11495.926856509073;-16506.94209419991;-12852.655393201756;-20927.513650359353;-17998.406946469182;-32202.113533271975;
27265.082569728205;58374.59813053586;-28756.145090597285;-11479.543027823333;-19829.17127957002;-6612.942411058237;-34046.80300316847;-19263.068647750457;6127.060190088772;-2310.7456935340992;-10812.991656421622;-16505.198658132394;-12944.789283846532;-21026.621285274185;-18067.09385718034;-32308.887816534978;
27217.026319149296;58594.00285410915;-28834.30914095749;-11471.094068419226;-19706.013167621277;-6333.63501234472;-34134.153620499805;-19295.031642321544;5104.043198113823;-2863.727851358396;-11519.597353887244;-16537.18400444794;-12835.332791248893;-20918.841173510693;-18008.308769262883;-32200.057172782086;
27257.460624868945;58596.7297669327;-28788.532768313024;-11495.926856509073;-19843.386989043593;-6614.417626192288;-34089.29366937801;-19289.287243996532;6126.277879032837;-2314.947821491697;-10806.442595296216;-16498.202562117884;-12958.893234597832;-21044.480329093974;-18070.491322337548;-32321.762421341235;
27237.567572303724;58374.66518576923;-28840.858202082898;-11482.649920302621;-19734.019903423778;-6381.1548210567025;-34128.31981519697;-19301.759517402592;5128.943041437035;-2846.0476214942482;-11529.499176680943;-16578.311214245703;-12851.940137379186;-20940.410606910064;-18038.505976022003;-32214.69756540031;
27267.720075573932;58814.45810967185;-28807.911730755775;-11511.99776077244;-19841.285925064796;-6581.784079287539;-34099.08373344943;-19301.91597961378;6098.986399052907;-2327.598908853401;-10832.57178456447;-16498.761355729264;-12975.27706328357;-21059.947736257047;-18079.43202011967;-32338.526229682713;
27275.409075666557;58153.874654039704;-28812.98557674713;-11470.89290271913;-19728.6554847545;-6404.847670179328;-34106.817437030964;-19279.407772947285;5178.8321350612805;-2834.022382977293;-11518.859746320219;-16569.526978674767;-12831.376532480304;-20907.799411749773;-18028.85002241731;-32192.167006989363;
27267.11657847364;58999.79877469526;-28828.654149610302;-11523.955944056028;-19816.699006163955;-6544.00963115807;-34108.94085275422;-19321.339645545442;6051.511293829834;-2370.8718861188754;-10872.939035050755;-16480.924663653932;-12982.161400575806;-21055.477387365983;-18070.312508381907;-32338.168601771427;
27299.995994567395;57960.308547056746;-28807.263530166572;-11471.027013185862;-19743.407636095006;-6453.9991562365485;-34110.57253009946;-19276.211473490177;5272.307130373375;-2787.418995787978;-11473.93273996505;-16598.47248774439;-12839.40080873976;-20910.928655973516;-18042.57399351287;-32197.173797747353;
27251.604467821657;59170.789619778356;-28864.036961083053;-11532.606069160232;-19816.989578841876;-6504.2458777720785;-34151.23035326366;-19346.820634224492;5978.622255161078;-2400.9349824112633;-10921.151747840851;-16477.057811863164;-13003.753185719632;-21068.731971827983;-18072.39122061625;-32345.790546630687;
27316.98332035343;57812.2952952737;-28792.04199219251;-11463.874454960163;-19759.545595591735;-6484.218714740124;-34075.39088432681;-19268.00838327508;5386.3904340732615;-2708.5620413496545;-11399.143803017594;-16601.802897668233;-12858.980936882608;-20927.871278270635;-18059.986002443555;-32212.03770781013;
27266.736598817897;59279.620263531244;-28860.125405803374;-11523.307743466825;-19783.14903773654;-6458.000118494048;-34148.212867762195;-19338.68459924276;5842.522483172713;-2470.1136315004387;-11003.339112203015;-16465.300794279672;-12967.632766679855;-21035.36081735621;-18050.598269772323;-32315.191008471375;
27329.5002972484;57702.28000906468;-28781.06728566495;-11469.887074218641;-19781.942043535953;-6532.409075785766;-34063.5891632544;-19260.341734926908;5487.308560288973;-2645.865398152518;-11325.628915504089;-16601.735842434864;-12861.573739239424;-20921.344568889686;-18068.546720569935;-32228.868571384977;
27266.915412773542;59343.90388058471;-28874.81050191051;-11528.85097609174;-19773.738953320855;-6416.045894151437;-34159.14287080084;-19346.708875502216;5712.904717076388;-2525.747123449698;-11086.018214943197;-16482.846913677087;-12967.90098761332;-21027.470651563486;-18057.19203438664;-32320.711889351835;
27350.823861458764;57637.0576187441;-28772.12658788283;-11463.136847393138;-19795.86718033161;-6569.267102392567;-34045.26073280105;-19253.90443252378;5611.293686782562;-2583.3699206554797;-11243.93328951994;-16595.34324352065;-12864.412410785248;-20930.10645271617;-18072.01124096051;-32224.62173993847;
27268.01064825185;59325.66485710918;-28885.561690993512;-11524.961772556517;-19756.729275790367;-6385.021672847471;-34172.48686224066;-19346.30654410202;5566.366680427394;-2620.384409473468;-11193.93243717342;-16478.73419269731;-12944.006972790596;-21011.086822877744;-18044.987981914044;-32299.902415263943;
27357.5070330509;57621.21023192528;-28770.092579137396;-11470.445867830023;-19814.35207299615;-6606.035722021547;-34055.00609338356;-19253.300935423485;5734.652964431401;-2531.4468182858013;-11159.756619901254;-16589.80001089573;-12881.98088192712;-20949.887746559114;-18077.28625265196;-32244.15716459241;
27265.931936017507;59299.245095163;-28901.498484790147;-11537.322287240302;-19745.754569262812;-6342.888634549217;-34158.60642893391;-19352.833253482968;5456.574911662926;-2694.77101502073;-11283.764098139298;-16497.196733617395;-12939.51427215508;-21004.24718907442;-18040.070598133876;-32285.619650557;
27376.081332693262;57699.84366891905;-28762.247116833583;-11483.342824380736;-19823.382177756095;-6614.3058674700105;-34035.53772396299;-19251.13281621132;5903.430986813425;-2445.504360855146;-11050.23307207025;-16568.677612385465;-12907.081890950429;-20971.457179958485;-18082.270691665493;-32259.66927524439;
27293.11165727516;59196.80705032433;-28891.48490327417;-11534.416560461112;-19733.52816504576;-6326.929489008127;-34179.885289655365;-19344.67486675678;5379.528448525482;-2733.2607189727687;-11355.602604818656;-16506.226838377337;-12931.55705112899;-20997.608720971195;-18042.37282781277;-32276.81306324161;
27393.29217592385;57802.95226609138;-28769.73495122611;-11486.18149592656;-19846.180957100507;-6635.696486913739;-34036.09651757438;-19264.230938462133;6013.4686247669015;-2395.5929154864452;-10977.74636480169;-16555.66889711248;-12918.03424573353;-20985.806999898792;-18077.219197418595;-32260.697455489335;
27301.15828527907;59052.705353820966;-28904.650080758343;-11531.220261004002;-19741.060702927196;-6333.232680944524;-34182.321629800994;-19344.049017912035;5288.981531737034;-2788.4918795218327;-11438.259355814382;-16523.21416416337;-12921.677580079744;-20987.77395341086;-18043.065731890885;-32262.463243301303;
27395.817923047296;57964.62243373662;-28781.64843102079;-11502.632379845665;-19854.920489182532;-6662.272711071099;-34072.17223312524;-19273.23869147762;6115.213765527459;-2338.148932236306;-10913.239230303674;-16566.17421700647;-12953.03707755054;-21020.25103810442;-18097.134601728274;-32306.295014178162;
27322.7500704229;58875.52307552375;-28889.897929417843;-11527.398112702145;-19722.91108642949;-6328.784683797919;-34164.23906853665;-19332.984904406658;5224.139121072188;-2822.868862494095;-11502.207696701014;-16549.253946453806;-12901.6951205367;-20971.34542123621;-18044.85387144731;-32244.067757614586;
27421.120097770705;58139.88246201068;-28763.744683712088;-11491.568266340288;-19828.59013421418;-6634.355382246421;-34040.05277634296;-19256.13960696931;6174.892923223129;-2314.0313999690297;-10871.888503061355;-16522.454204851892;-12954.109961284395;-21026.084843407258;-18085.690508567157;-32295.96850823981;
27376.260146648903;58654.95606123878;-28866.80857739551;-11509.248496204436;-19704.873228654054;-6335.289041434413;-34133.19249548823;-19312.01896810758;5154.804009771826;-2877.116546287125;-11556.634194449687;-16542.593126606123;-12865.485294519103;-20941.81876681075;-18024.71494969308;-32210.316623487073;
27476.798293208874;58357.76726696101;-28784.665916522255;-11502.431214145567;-19828.992465614374;-6627.135768787357;-34051.42981427071;-19275.786790345526;6180.74908027042;-2325.9672315081634;-10849.045020228032;-16507.5455913002;-12969.934996358752;-21046.64844830614;-18081.778953287478;-32312.5758543701;
27451.04908359636;58437.85356734438;-28854.09043480044;-11495.524525108878;-19713.18807759143;-6365.150972026703;-34115.55696911299;-19298.362052245386;5155.519265594396;-2888.8065086372508;-11565.95487188755;-16566.5094931733;-12860.389096783292;-20939.71770283195;-18030.0570166179;-32203.253472239194;
27507.35312787928;58583.184609792785;-28792.243157892604;-11504.532278124367;-19820.275285276806;-6594.166945715779;-34030.419174482726;-19279.38542120283;6166.063984163283;-2337.0984002469063;-10838.42794161176;-16499.70012899639;-12990.230380324172;-21068.84373055026;-18082.315395154405;-32320.711889351835;
27501.63108129872;58238.274841102946;-28842.109899772397;-11481.644091802133;-19726.219144608873;-6391.414271761689;-34089.60659380038;-19286.605034661894;5187.772832843403;-2862.722022857907;-11540.76445588642;-16562.106199515605;-12856.96927988163;-20930.061749227258;-18026.95012413861;-32184.634469107925;
27526.195648455105;58818.74964460727;-28822.395661162816;-11522.860708577718;-19824.92444812351;-6591.149460214313;-34072.35104708088;-19301.871276124868;6163.538237039833;-2330.147007721306;-10840.126674190364;-16507.567943044658;-13011.15161313434;-21084.93698655808;-18090.00439524703;-32340.180258772405;
27546.423977187154;58048.21795799947;-28823.84852455241;-11489.668368061588;-19735.67393251347;-6429.345182102345;-34068.48419529011;-19273.037525777523;5283.930037490134;-2807.669676264486;-11502.006531000916;-16591.319929518693;-12853.63886995779;-20931.559316105762;-18042.059903390396;-32193.7986843346;
27544.613485886275;59001.452803784945;-28833.12449850136;-11526.012304545917;-19807.758308381835;-6538.466398533154;-34056.19073583969;-19311.81780240748;6098.271143230337;-2366.2674267610823;-10888.562904425014;-16500.236570863315;-13002.613246752411;-21081.94185280107;-18082.583616087868;-32339.621465161024;
27593.519102754486;57866.92295872247;-28792.377268359338;-11473.396298098123;-19742.960601205898;-6471.254702956046;-34036.65531118576;-19260.833473304927;5353.667480190692;-2762.697966420408;-11454.442018800024;-16584.43559222646;-12850.151997822762;-20930.173507949534;-18045.367961569784;-32189.730666843734;
27577.671715935674;59156.97624170497;-28833.437422923736;-11520.714941110009;-19794.168447753007;-6491.0359967989925;-34073.35687558137;-19327.48637527065;5971.000310301818;-2434.797875261054;-10960.535521571102;-16495.319187083147;-12989.828048923977;-21072.799989318846;-18075.118133439795;-32332.35714821305;
27609.45589655112;57735.897032725465;-28778.854462963878;-11470.535274807844;-19766.876967773078;-6506.637514428797;-34007.86626432732;-19254.753798813083;5460.978205320622;-2706.840957026596;-11387.319730200736;-16590.358804507116;-12854.532939736002;-20929.90528701607;-18052.565223284393;-32192.479931411737;
27568.17222454217;59260.6883359776;-28858.538431947047;-11539.892737852662;-19779.840979557157;-6444.3208508874;-34069.847651701886;-19329.229811338166;5861.230893281805;-2499.1932510367933;-11035.637382940935;-16481.103477609573;-12976.439353995247;-21054.113930954212;-18052.587575028847;-32309.73718282428;
27629.03602469397;57634.91185127638;-28772.618326260847;-11474.5585888098;-19785.026584270785;-6552.078610906436;-33991.482435641585;-19250.32815341093;5576.24615147664;-2652.034479622183;-11309.75917694082;-16576.56777817819;-12859.45032351617;-20938.488356886908;-18052.90049945122;-32193.910443056877;
27555.610544158288;59298.52983934043;-28882.18657758076;-11545.078342566294;-19779.572758623694;-6423.220804121591;-34097.250890404095;-19343.154948133822;5701.862955315466;-2586.0968334790273;-11134.856776578043;-16490.088878880608;-12962.961252088697;-21043.563907571308;-18048.56426102689;-32296.572005340102;
27644.950466746148;57596.31038860207;-28774.473521050637;-11479.051289445317;-19822.01872134432;-6609.388483689843;-34007.486284671584;-19258.665354092762;5686.127327218929;-2577.6925775638315;-11214.049007183195;-16587.09544981664;-12883.433745316714;-20961.801226353793;-18070.08899093735;-32214.027013066654;
27587.282966051458;59279.284987364415;-28879.77258917959;-11536.85290060674;-19756.103426945618;-6386.0275013479595;-34093.45109384669;-19337.321142830988;5553.2685581765845;-2647.3182615421133;-11219.391074108014;-16517.201544904896;-12962.290699755038;-21042.93805872656;-18056.52148205298;-32294.62740357249;
27682.52374917552;57605.34049336201;-28767.70094248068;-11492.484687862956;-19830.333570281695;-6633.304850257022;-33993.20351996464;-19257.257194192076;5766.3477380690265;-2531.7597427081755;-11137.047247534663;-16578.89235960154;-12889.334605852915;-20974.832293371237;-18076.928624740678;-32229.226199296263;
27596.625995233775;59226.31135300534;-28904.091287146963;-11554.197854304059;-19766.273470672782;-6379.657254178197;-34136.47820192316;-19358.912927974812;5392.984198687577;-2726.1305124915257;-11319.795110201254;-16521.98481821833;-12958.177978775262;-21045.77673027238;-18065.506883324015;-32294.8732727615;
27697.29825226048;57696.89323865095;-28780.55319554248;-11503.928781024073;-19859.100265395675;-6662.228007582189;-33994.701086843146;-19265.43793266272;5878.441736512392;-2459.6083116064447;-11048.08730460254;-16598.316025533204;-12932.94285928522;-21017.524125280874;-18102.83429656438;-32268.5652695376;
27611.75812623002;59132.34461931523;-28916.451801830746;-11553.437894992578;-19764.418275882992;-6360.300643479901;-34132.23137047665;-19355.20253839523;5291.820203282858;-2781.7416526963298;-11400.574314662734;-16541.386132405536;-12944.833987335443;-21031.739834754448;-18057.415551831193;-32269.928725949376;
27732.81517419996;57841.73254272134;-28772.864195449856;-11496.396243142635;-19859.03321016231;-6661.110420359424;-33985.603926849835;-19260.43114190473;6021.917584171008;-2382.763014169099;-10955.081695924007;-16570.130475775062;-12955.719286885178;-21039.428834847073;-18100.599122118845;-32278.44474058685;
27646.626847580297;58989.11464084562;-28905.38768832537;-11545.57008094431;-19752.8624239996;-6353.349250954301;-34134.019510033075;-19351.44744532674;5235.627917722216;-2815.4927868238437;-11459.940547936028;-16544.51537662928;-12922.214021946673;-21004.04602337432;-18048.452502304615;-32247.24170532724;
27743.365197582865;58017.73017856243;-28782.833073476922;-11507.907391537117;-19860.8884049521;-6661.758620948627;-33972.595211576845;-19273.126932755345;6122.008695841872;-2329.7893798100213;-10891.24511375965;-16562.977917549364;-12980.887351141853;-21058.807797289825;-18109.83039257889;-32299.522435608204;
27662.027199510005;58791.45816462734;-28907.421697070804;-11543.804293132342;-19755.835206012154;-6360.59121615782;-34122.57541687196;-19351.000410437635;5182.341358940764;-2850.674432596497;-11523.777130100385;-16554.439551167437;-12907.50657409508;-20984.465895231475;-18045.52442378097;-32226.387527750438;
27743.007569671583;58218.87352691573;-28805.36363188787;-11524.984124300972;-19882.36843137365;-6668.486496029675;-34006.48045617109;-19296.14922954431;6172.300120866314;-2313.31614414646;-10864.154799479818;-16563.447304182926;-13005.630732253878;-21078.9243672996;-18116.11123277083;-32327.842095833075;
27708.1388483213;58588.504324973146;-28875.950440877732;-11517.451586419535;-19740.43485408245;-6353.237492232024;-34072.41810231425;-19324.714758958195;5145.237463144954;-2862.4538019244437;-11558.489389239478;-16582.692156158944;-12889.803992486477;-20960.035438541825;-18041.881089434755;-32205.578053662546;
27761.917145480773;58433.718494620145;-28805.60950107688;-11527.778092357887;-19863.637669520103;-6635.718838658195;-34010.10143877285;-19303.63706393684;6156.497437536412;-2315.216042425161;-10846.787494038046;-16510.563076801667;-12994.38780479286;-21062.40642814713;-18085.28817716696;-32303.09871472105;
27742.2476103601;58369.9266159447;-28859.298391258526;-11504.465222891;-19743.76526400629;-6378.182039044147;-34060.6387329863;-19317.33868328794;5132.452265316519;-2857.245845466357;-11563.339717786279;-16592.6163306971;-12884.953663939676;-20953.598136138695;-18046.731417981555;-32202.694678627813;
27785.16295971429;58652.966755982256;-28807.84467552241;-11516.110481752215;-19834.7815674283;-6582.387576387832;-33980.775950047486;-19296.14922954431;6120.198204540993;-2329.9681937656637;-10847.838026027444;-16496.794402217198;-12994.834839681966;-21063.613422347717;-18075.609871817815;-32305.19977869985;
27753.669351776764;58156.93684303008;-28850.402396965314;-11511.70718809452;-19752.840072255145;-6420.873870953784;-34063.11977662084;-19307.593322705427;5153.038221959856;-2853.7142698424186;-11542.194967531559;-16569.6610891415;-12861.64079447279;-20924.742034046893;-18026.816013671876;-32169.390579389405;
27737.97842716914;58854.11010433557;-28846.71435913019;-11560.456342751544;-19854.384047315605;-6585.11448921138;-34026.95465409215;-19335.19772710773;6051.958328718941;-2359.1595720242944;-10876.917645563799;-16523.817661263663;-13016.314866103516;-21084.60171039125;-18093.804191804433;-32340.7837558727;
27761.470110591665;57961.22496857941;-28824.362614674883;-11507.080376992271;-19758.137435691053;-6453.797990536451;-34027.49109595908;-19281.061802036977;5210.325742998808;-2798.214888359891;-11503.727615323975;-16592.415164997;-12865.038259629997;-20933.012179495356;-18046.9102319372;-32184.70152434129;
27731.608179999374;59043.80935952775;-28865.266307028094;-11558.511740983933;-19840.570669242225;-6551.273948106044;-34075.90497444927;-19342.26087835561;5957.119876995072;-2393.916534652297;-10924.102178108953;-16509.579600045636;-13014.19145038026;-21083.148847001656;-18082.941243999154;-32334.54761916967;
27789.007459760604;57807.86964987155;-28808.492876111613;-11489.668368061588;-19771.794351553246;-6493.449985200165;-34016.60579640935;-19262.53220588353;5307.667590101671;-2736.032335285227;-11442.752056449897;-16617.33736006467;-12884.59603602839;-20949.66422911456;-18064.881034479266;-32197.598480892004;
27750.62951453084;59176.13168670317;-28858.225507524672;-11541.859691364729;-19800.918674578512;-6481.670615872218;-34050.37928228131;-19321.518459501083;5863.242550282783;-2449.7735440461092;-10989.928065529832;-16494.15689637147;-13003.753185719632;-21068.39669566115;-18065.484531579557;-32314.475752648803;
27802.0608785225;57686.85730539052;-28794.36657361586;-11492.551743096321;-19787.284110460772;-6534.800712442483;-33997.53975838897;-19258.62065060385;5431.093922983876;-2690.6135905520428;-11368.320747413725;-16589.397679495534;-12869.821532943432;-20933.079234728724;-18050.15123488322;-32181.639335350912;
27717.325415292435;59287.68924327961;-28904.20304586924;-11575.47671502551;-19812.765099139822;-6468.3266244324;-34093.74166652461;-19365.484340844672;5770.058127648607;-2506.6810854293212;-11063.487656532247;-16506.964445944363;-13010.704578245233;-21080.377230689195;-18074.29111889495;-32323.148229497463;
27824.88200961137;57621.18788018083;-28775.389942573303;-11485.421536615078;-19805.25491300284;-6581.2029339317005;-33982.742903559556;-19249.836415032914;5589.590142916459;-2595.8868975504515;-11276.902112591519;-16604.507458747325;-12891.83800123191;-20960.929508320038;-18074.157008428218;-32203.61110015048;
27743.4993080496;59307.02350223345;-28887.483941016668;-11550.778037402397;-19784.378383681582;-6428.719333257596;-34097.58616657092;-19343.624334767384;5636.5064545281475;-2585.6945020788316;-11164.226968792316;-16506.249190121795;-12979.456839496714;-21050.090616952257;-18054.755694241012;-32298.181330940883;
27830.715814914205;57610.50374633119;-28776.59693677389;-11487.723766293975;-19820.141174810073;-6617.032780293558;-33973.645743566245;-19250.61872608885;5711.094225775508;-2543.0473736581057;-11191.652559238979;-16598.04780459974;-12902.49978333709;-20972.507711947885;-18076.839217762856;-32221.917178859378;
27748.72961625214;59286.97398745704;-28900.067973145007;-11554.33196477079;-19772.10727597562;-6396.823393919873;-34106.16923644176;-19349.100512158933;5512.834252456934;-2655.2754825682027;-11250.683516345443;-16521.13545192903;-12963.073010810973;-21035.673741778584;-18048.787778471444;-32284.18913891186;
27838.44951849574;57643.539624636134;-28772.283050094018;-11502.587676356754;-19837.59788722967;-6650.023955109591;-33964.973266717585;-19245.500176608584;5824.015238763719;-2485.8939630858854;-11101.887953506464;-16584.636757926557;-12902.522135081546;-20980.375525996154;-18076.123961940284;-32230.8578766415;
27750.428348830745;59212.11799527622;-28908.427525571293;-11558.601147961754;-19761.512549103805;-6379.254922778002;-34111.62306208886;-19348.944049947746;5374.700471723137;-2725.862291558062;-11340.112845911128;-16515.279294881737;-12941.74944660061;-21025.63780851815;-18048.072522648876;-32273.370894595493;
27865.025742653102;57742.468445595325;-28772.104236138373;-11501.85006878973;-19844.951611155466;-6663.79262969406;-33971.36586563181;-19252.295106922997;5923.793426012209;-2416.849424463442;-11014.514984430669;-16580.255816013316;-12924.18097545874;-21006.884694920147;-18090.7196510696;-32256.67414148738;
27765.269907149068;59090.21158101697;-28912.62965352889;-11559.204645062047;-19751.05193269872;-6366.872056349762;-34115.04287899052;-19346.239488868654;5254.269272597941;-2776.712510193886;-11418.813338138263;-16540.760283560787;-12930.953554028698;-21012.405575800607;-18054.554528540913;-32265.95011543633;
27864.645762997363;57894.6167701026;-28787.616346790357;-11514.411749173612;-19857.088608394697;-6676.220199611212;-33971.410569120715;-19258.665354092762;6017.201366090938;-2358.243150501627;-10943.771713229622;-16557.591147135634;-12958.066220052984;-21037.417177846095;-18107.997549533553;-32286.29020289066;
27784.69357308073;58930.17309071697;-28912.406136084337;-11546.687668167075;-19747.900336730523;-6356.232625989035;-34114.797009801514;-19339.60102076543;5165.242274432454;-2811.6482867775308;-11487.209676171504;-16540.134434716038;-12913.206268931184;-20992.75839242439;-18053.414589573695;-32249.09690011703;
27866.679771742794;58074.86123739019;-28802.927291742242;-11529.56623191431;-19877.36164061566;-6678.880057201392;-33977.78081629048;-19280.614767147872;6067.604549837655;-2308.756388277577;-10891.8709626044;-16559.51339715879;-12976.573464461979;-21057.578451344783;-18114.367796703315;-32300.572967597604;
27806.620634391384;58731.130806342466;-28896.96108066572;-11530.19208075906;-19739.160804648498;-6338.73121008053;-34061.62220974234;-19317.450442010217;5088.352273506198;-2836.972813245394;-11544.653659421643;-16539.441530637923;-12894.184934399716;-20973.357078237186;-18041.411702801193;-32210.361326975984;
27858.834309438982;58293.282484207455;-28820.696928584213;-11534.640077905666;-19879.708573783468;-6663.569112249507;-33996.91390954422;-19289.555464929996;6092.169116994038;-2289.0868531569067;-10854.632956341859;-16527.70686479889;-13003.015578152606;-21079.907844055637;-18110.21037223463;-32309.53601712418;
27836.03553009457;58521.78436777406;-28875.86103389991;-11513.025941017384;-19731.605915022603;-6350.77880034194;-34042.48911648859;-19296.037470822033;5077.534029189829;-2839.0068219908267;-11563.47382825301;-16562.821455338177;-12886.562989540458;-20961.756522864882;-18050.106531394307;-32197.75494310319;
27888.785647009096;58516.82228050498;-28824.340262930426;-11526.951077813039;-19853.624088004122;-6618.016257049591;-33981.24533668105;-19291.43301146424;6114.565564938255;-2293.892478214798;-10841.579537579959;-16487.65253873498;-13004.356682819925;-21079.013774277424;-18097.53693312847;-32308.552540368146;
27859.75073096165;58304.92774306867;-28861.04182732604;-11506.65569384762;-19740.77013024928;-6393.805908418407;-34053.419119527236;-19280.726525870148;5121.8351867002475;-2831.183711431469;-11561.596281718765;-16574.645528155033;-12881.533847038014;-20957.15206350709;-18054.48747330755;-32199.297213470607;
27881.141350405378;58722.19010856034;-28832.252780467606;-11529.789749358863;-19846.73975071189;-6604.694617354228;-34023.51248544604;-19291.768287631072;6094.806622839764;-2309.8069202669767;-10857.24811044313;-16493.79926846019;-13006.278932843083;-21080.55604464484;-18089.758526058024;-32321.695366107866;
27898.821580269527;58094.35195855522;-28839.27122822657;-11486.784993026853;-19744.14524366203;-6428.98755419106;-34032.162610550244;-19267.561348385974;5157.106239450722;-2811.3577140996117;-11539.848034363751;-16574.98080432186;-12866.625233486324;-20941.77406332184;-18048.09487439333;-32187.160216231376;
27885.499940574166;58926.2615354373;-28858.270211013583;-11537.47874945149;-19844.325762310717;-6579.34773914191;-34042.77968916651;-19323.53011650206;6022.543433015756;-2352.722269621166;-10898.420023729805;-16499.767184229753;-13012.626828268389;-21091.441344194573;-18093.044232492954;-32333.899418580466;
27909.282196674612;57918.622543647594;-28848.10016728642;-11497.938513510051;-19777.650508600535;-6487.459717686143;-34045.081918845404;-19294.495200454618;5253.576368519827;-2766.698928677908;-11499.458432133011;-16595.007967353817;-12880.460963304158;-20959.163720508066;-18071.5642060714;-32203.946376317308;
27884.628222540407;59089.898656594596;-28886.232243327173;-11551.359182758235;-19848.55024201277;-6550.178712627735;-34082.65520127478;-19349.614602281406;5945.206397200393;-2395.1235288528837;-10963.195379161285;-16509.333730856626;-13029.368284865413;-21113.83779213879;-18110.925628057197;-32363.381369517014;
27941.91574357936;57750.31390789914;-28823.826172807956;-11495.36806289769;-19800.40458445604;-6536.678258976729;-34043.11496533334;-19284.325156727453;5325.8172065993795;-2715.0887507306043;-11451.73745772093;-16616.71151121992;-12887.546466296491;-20969.423171213053;-18091.636072592268;-32212.641204910426;
27899.626243069917;59202.238524226974;-28894.569444009;-11562.535054985889;-19838.7825296858;-6522.194328569691;-34113.59001560092;-19362.913890232314;5785.279665622672;-2468.616064621933;-11054.010516883198;-16513.98289370333;-13017.991246937663;-21097.36455647523;-18102.00728201953;-32350.439709477392;
27975.666877706873;57659.72228762178;-28809.856332523388;-11503.70526357952;-19816.766061397324;-6575.525590840053;-34015.75643012005;-19274.62449963385;5420.812120534435;-2647.8547034090407;-11375.115677728138;-16623.439386300968;-12902.544486826002;-20984.063563831278;-18103.303683197937;-32231.75194641971;
27908.09755421848;59285.856400234275;-28914.373089596404;-11577.5330755154;-19825.34913126816;-6484.375176951311;-34126.97871052966;-19371.65342231434;5660.646338539879;-2516.3146872895586;-11129.313543953127;-16506.226838377337;-13024.473252829703;-21107.1322688022;-18099.794459318455;-32344.561200685646;
27998.77858147366;57612.38129286544;-28807.934082500233;-11504.934609524562;-19832.43463426049;-6610.818995334983;-33995.773970577;-19269.841226320415;5545.71366855069;-2573.4680978617785;-11290.559028453712;-16608.754290193832;-12915.55320209899;-20995.909988392592;-18105.091822754363;-32240.267961057183;
27918.826391557028;59316.65710409369;-28918.664624531822;-11564.680822453598;-19794.347261708648;-6434.284917626967;-34113.746477812114;-19366.624279811895;5529.218081142674;-2582.2076299438036;-11216.284181628727;-16497.88963769551;-13008.24588635515;-21081.271300467408;-18081.48838060956;-32316.35329918305;
28026.584151576062;57627.960458750786;-28793.673669537744;-11489.377795383669;-19839.542488997282;-6640.680925927273;-33969.26480165301;-19265.303822195987;5678.326568404027;-2495.952248090774;-11187.383376048014;-16594.76209816481;-12928.204289460695;-20997.273444804367;-18097.380470917284;-32231.908408630898;
27951.3481797395;59289.58914155831;-28919.044604187562;-11545.57008094431;-19775.77296206629;-6401.517260255488;-34103.03999221802;-19353.79437849455;5400.248515635552;-2654.4484680233563;-11306.652284461534;-16495.296835338693;-12978.272197040582;-21052.59401233125;-18066.468008335592;-32287.877176746988;
28061.586983393074;57696.06622410611;-28788.353954357382;-11486.069737204283;-19841.800015187266;-6667.055984384535;-33960.659380037716;-19252.719790067647;5810.581840346079;-2431.6239275484;-11095.96474122581;-16578.445324712437;-12933.926336041253;-21007.91287516509;-18102.119040741807;-32247.644036727434;
27960.78061589964;59209.3240272193;-28931.226304915705;-11557.774133416908;-19766.832264284167;-6392.21893456208;-34107.89032076482;-19357.325954118485;5290.099118959799;-2716.6980763313863;-11388.057337767761;-16511.25598087978;-12963.14006604434;-21035.87490747868;-18064.56811005689;-32272.47682481728;
28081.435332469388;57800.96296083486;-28779.301497852983;-11493.579923341265;-19843.16347159904;-6667.324205317999;-33930.931559912155;-19242.683856807216;5929.783693526232;-2367.697938406222;-11006.535411660125;-16561.927385559964;-12957.79799911952;-21027.224782374476;-18107.662273366725;-32265.681894502868;
27977.030334118648;59058.04742074579;-28925.906589735343;-11553.080267081294;-19756.19283392344;-6380.148992556214;-34101.855349761885;-19347.98292493617;5184.509478152929;-2784.8485451756173;-11465.014393927384;-16509.42313783445;-12931.914679040276;-21004.1577820966;-18045.300906336415;-32236.222295310774;
28092.588852952584;57947.38923876158;-28786.36464910086;-11504.80049905783;-19857.669753750535;-6691.352330607454;-33945.77311823048;-19255.8937377803;5995.028435591274;-2336.696068846711;-10947.079771409008;-16556.786484335244;-12977.646348195834;-21051.655239064126;-18116.088881026375;-32288.458322102826;
28008.769811245184;58881.60275001559;-28923.403194356346;-11548.09582806776;-19749.9119937315;-6384.59698970282;-34097.675573548746;-19341.45621555522;5088.955770606491;-2833.150664943536;-11534.573022672299;-16534.52414685776;-12916.491975366114;-20992.49017149093;-18051.33587733935;-32229.650882440914;
28087.93969010588;58148.8231597928;-28817.366518660372;-11539.602165174743;-19883.6424808076;-6713.61466808494;-33991.415380408216;-19293.19879927621;6042.5258925588005;-2302.564955063457;-10897.436546973771;-16563.64846988302;-13003.507316530624;-21081.2265969785;-18127.39886372076;-32322.6788428639;
28032.55206734563;58677.12899173844;-28909.276891860594;-11550.912147869129;-19757.466883357392;-6405.093539368337;-34088.42195134425;-19334.549526518527;5046.420400908041;-2834.8270457776844;-11569.799371933863;-16572.879740343065;-12913.60860033138;-20991.52904647935;-18065.059848434907;-32231.729594675257;
28085.011611582235;58365.143342631265;-28841.37229220537;-11555.516607226922;-19891.487943111413;-6703.489327846686;-34006.32399395991;-19314.030625108557;6059.021479966817;-2291.7243590026333;-10877.454087430726;-16549.678629598457;-13018.572392293501;-21095.93404483009;-18126.549497431457;-32330.747822612266;
28068.717189874314;58454.72913440814;-28892.04369688555;-11536.04823780635;-19758.04802871323;-6423.109045399314;-34064.77380571053;-19319.417395522287;5042.933528773014;-2841.3537551586337;-11594.408642579156;-16575.00315606632;-12901.65041704779;-20980.53198820734;-18067.563243813904;-32213.95995783329;
28097.729754177304;58572.20990326523;-28854.80569062301;-11561.015136362927;-19884.849475008188;-6687.3290166054985;-34022.081973800894;-19323.619523479883;6055.109924687139;-2309.2034231666835;-10878.839895586956;-16509.937227956918;-13016.448976570247;-21093.65416689565;-18107.416404177715;-32323.50585740875;
28072.539338176175;58233.37980906723;-28900.827932456486;-11548.76638040142;-19795.286034975772;-6497.629761413308;-34082.69990476369;-19337.522308531083;5080.551514691296;-2834.402362633033;-11588.77600297642;-16610.453022772435;-12898.878800735332;-20979.19088354002;-18080.236682920062;-32217.55858869059;
28096.433352998898;58786.92076050291;-28885.002897382128;-11584.506819785454;-19891.107963455674;-6669.492324530163;-34058.11298586285;-19351.335686604463;6038.346116345659;-2309.784568522521;-10895.96133183972;-16542.771940561764;-13046.735590307188;-21126.220658567032;-18138.15005280376;-32366.152985829474;
28133.336083094608;58026.26854494435;-28865.109844816907;-11526.459339435023;-19785.115991248607;-6513.499499976576;-34052.68151196021;-19303.19002904773;5156.860370261714;-2781.0487486182155;-11557.461208994533;-16612.33056930668;-12895.973073956142;-20974.92170034906;-18091.85959003682;-32215.010489822685;
28115.94642590838;58970.65209992554;-28887.550996250036;-11580.014119149939;-19870.566710301246;-6623.604193163418;-34057.10715736236;-19348.720532503194;5962.216074730883;-2361.014766814085;-10948.756152243157;-16515.771033259756;-13030.284706388082;-21112.384928749198;-18119.26282873903;-32355.290038024195;
28152.782100770724;57844.5041590338;-28861.84649012643;-11538.953964585538;-19810.798145627756;-6560.795791244005;-34038.64461644228;-19303.59236044793;5227.268365295931;-2745.2412540008136;-11516.870441063696;-16624.020531656806;-12896.442460589704;-20977.78272363934;-18099.503886640538;-32221.112516058987;
28115.544094508183;59123.89565991112;-28921.25742688864;-11609.831346253319;-19874.07593418073;-6604.247582465123;-34103.10704745138;-19374.35798339343;5843.841236095576;-2409.719217982199;-11020.147624033407;-16531.998399734308;-13041.549985593556;-21124.253705054965;-18128.471747454616;-32362.50965148326;
28193.998717546314;57719.870831951004;-28834.30914095749;-11527.174595257593;-19816.296674763762;-6589.1825067022455;-34013.25303474105;-19280.59241540342;5321.436264686139;-2676.844915967574;-11453.972632166462;-16631.441310815968;-12907.059539205973;-20988.757430166894;-18112.400843191248;-32223.034766082143;
28151.99978971479;59231.34049550778;-28908.472229060204;-11579.701194727564;-19840.145986097574;-6539.472227033642;-34085.51622456506;-19357.84004424096;5712.480033931736;-2475.4109949363465;-11102.916133751409;-16516.530992571235;-13020.449938827747;-21103.243065266975;-18108.869267567312;-32339.844982605577;
28212.505961955307;57633.41428439788;-28827.17893447625;-11527.219298746502;-19847.969096656932;-6643.050210839536;-34013.11892427432;-19278.67016538026;5417.3252483994065;-2632.2755375236916;-11379.429564408012;-16622.09828163365;-12904.064405448962;-20985.516427220875;-18108.33282570038;-32224.487629471736;
28122.89781843398;59289.5444380694;-28945.754938811653;-11608.780814263919;-19842.336457054193;-6513.253630787567;-34106.77273354206;-19377.621338083904;5586.147974270341;-2536.9006439328964;-11186.6904719699;-16532.84776602361;-13024.137976662872;-21099.689137898582;-18107.14818324425;-32340.582590172602;
28225.604084206116;57591.191839121806;-28819.646396594813;-11532.740179626964;-19851.008933902853;-6671.615740253418;-33980.91006051422;-19267.33783094142;5572.938093297254;-2530.1280653629383;-11274.08579279015;-16610.497726261347;-12937.167338987272;-21006.97410189797;-18116.848840337854;-32238.636283711945;
28144.780176255725;59286.616359545755;-28938.647084074866;-11599.124860659225;-19815.87199161911;-6477.937874548183;-34107.532692853536;-19367.78657052357;5461.64875765428;-2600.8266330750744;-11271.09065903314;-16517.872097238553;-12999.349892061937;-21072.017678262913;-18083.90236901073;-32306.719697322813;
28251.06272114071;57619.64560981341;-28809.878684267842;-11527.398112702145;-19867.39276258859;-6692.156993407845;-33969.28715339746;-19266.01907801856;5696.967923279753;-2465.687986098288;-11184.142373101995;-16602.89813314654;-12939.08958901043;-21009.321035065776;-18110.880924568286;-32242.883115158456;
28151.95508622588;59247.99254512698;-28953.645104604377;-11592.262875111446;-19808.45121245995;-6444.566720076409;-34128.8562570639;-19378.426000884298;5346.58197719836;-2652.1685900889147;-11353.658003051043;-16525.762263031276;-13000.847458940443;-21069.514282883916;-18088.663290579712;-32299.25421467474;
28252.850860697137;57704.626942232484;-28817.433573893737;-11541.747932642453;-19889.878617510632;-6729.327944437021;-33991.79536006396;-19281.553540414996;5820.729532328789;-2387.635694460356;-11092.299055135138;-16610.05069137224;-12962.916548599786;-21035.763148756403;-18133.232669023593;-32280.29993537664;
28161.320467152655;59144.88394795465;-28956.573183128025;-11601.516497315944;-19796.828305343188;-6428.249946624034;-34107.64445157581;-19382.27050093061;5239.226548579521;-2691.9099917304507;-11435.152463335093;-16553.053743011205;-12987.659929711812;-21060.84180603526;-18095.480572638582;-32287.47484534679;
28272.20747139543;57823.18059482343;-28813.834943036432;-11547.33586875628;-19886.771725031344;-6741.710810865261;-33986.87797628379;-19284.258101494088;5933.31526915017;-2311.9303359902306;-11014.045597797109;-16584.23442652636;-12985.357700032915;-21059.1207217122;-18135.601953935857;-32287.944231980353;
28190.422438433463;58976.46355348391;-28935.45078461776;-11579.321215071825;-19774.320098676693;-6421.477368054077;-34106.90684400879;-19362.377448365387;5145.438628845051;-2753.73491689383;-11520.334961454268;-16562.84380708263;-12949.214929248683;-21026.755395740915;-18079.9684619866;-32258.864612444;
28280.41056161053;57989.92460846002;-28818.215884949674;-11558.020002605916;-19906.955350274486;-6755.278319749632;-33997.91973804471;-19299.457287723697;6011.009932876817;-2287.611638022857;-10960.356707615461;-16565.101333272618;-12992.152630347327;-21071.280070695888;-18134.39495973527;-32299.276566419194;
28203.028822306256;58790.318225660114;-28936.4789648627;-11592.709910000553;-19803.600883913146;-6458.961243505627;-34142.066138036986;-19367.898329245847;5088.642846184117;-2781.2722660627683;-11577.354261559756;-16600.52884823428;-12943.716400112677;-21024.296703850832;-18096.508752883525;-32262.686760745855;
28296.190893195977;58178.483924684995;-28824.206152463696;-11560.165770073625;-19904.98839676242;-6743.81187484406;-33983.52521461549;-19296.305691755497;6064.542360847278;-2251.9606056166417;-10922.962239141732;-16569.951661819417;-13018.773557993598;-21096.045803552366;-18145.481424985104;-32328.087965022085;
28249.54280251775;58569.05830729703;-28914.373089596404;-11558.064706094827;-19781.740877835855;-6454.80381903694;-34097.27324214855;-19337.72347423118;5058.602101636184;-2808.921373953983;-11609.25020089748;-16583.966205592897;-12912.26749566406;-20986.76812491037;-18075.00637471752;-32223.727670160257;
28300.862407787135;58406.538773362496;-28838.08658577044;-11557.774133416908;-19900.182771704527;-6722.421255400331;-34006.25693872654;-19307.615674449884;6083.161363978549;-2255.44747775167;-10900.096404563952;-16556.85353956861;-13030.664686043821;-21102.99719607797;-18135.91487835823;-32340.44847970587;
28270.68755277247;58372.05003166795;-28894.368278308903;-11553.90728162614;-19781.67382260249;-6472.439345412176;-34076.73198899412;-19329.319218315988;5071.297892486798;-2796.002065658816;-11606.478584585022;-16598.941874377953;-12908.110071195373;-20984.443543487017;-18079.34261314185;-32210.18251302034;
28309.80310556926;58626.59169752499;-28850.357693476402;-11569.039412622382;-19883.50837034087;-6692.291103874577;-34020.20442726665;-19320.222058322677;6072.879561529107;-2266.153963345762;-10897.63771267387;-16544.716542329377;-13034.24096515667;-21112.31787351583;-18134.618477179825;-32346.21522977534;
28308.484352646396;58154.41109590663;-28878.90087114583;-11541.18913903107;-19785.540674393258;-6503.910601605249;-34067.07603538943;-19311.661340196293;5120.248212843921;-2784.937952153439;-11590.854715210762;-16610.162450094514;-12898.230600146127;-20976.620432927662;-18084.662328322214;-32205.309832729083;
28323.840001087192;58837.01101982725;-28871.34598151994;-11572.705098713053;-19871.17020740154;-6653.890806900359;-34021.456124956145;-19332.269648584086;6017.022552135295;-2297.178184649728;-10925.800910687556;-16532.914821256974;-13042.980497238696;-21121.61619920924;-18133.076206812406;-32349.947971099376;
28353.858393890667;57964.197750591964;-28854.91744934529;-11522.860708577718;-19776.443514399947;-6521.568479724941;-34023.26661625703;-19294.472848710164;5157.597977828739;-2756.8194576286623;-11560.478694496;-16606.563819237213;-12882.562027282958;-20959.38723795262;-18079.364964886307;-32185.215614463763;
28321.426012686017;59030.48771983239;-28900.269138845106;-11593.91690420114;-19870.142027156595;-6622.911289085304;-34067.76893946755;-19357.97415470769;5920.574774810645;-2351.0235370425626;-10973.097201954986;-16519.906105983988;-13036.81141576903;-21113.07783282731;-18118.59227640537;-32338.63798840499;
28360.51921373835;57806.215620781855;-28858.896059858333;-11545.346563499757;-19822.845735889165;-6584.510992111086;-34019.35506097735;-19303.659415681293;5252.950519675079;-2691.194735907881;-11498.877286777173;-16644.606488300145;-12911.149908441295;-20987.729249921947;-18107.237590222074;-32213.490571199727;
28329.09266103419;59159.23376789496;-28912.182618639785;-11598.901343214673;-19859.770817729335;-6537.728790966129;-34076.30730584947;-19364.567919322006;5806.402064132937;-2393.3577410409143;-11044.980412123254;-16517.670931538454;-13039.784197781588;-21115.04478633938;-18113.227857736096;-32332.603017402056;
28390.62701351965;57692.35583452653;-28842.065196283485;-11544.877176866195;-19833.284000549796;-6537.259404332567;-33997.852682811346;-19289.935444585735;5343.251567274519;-2639.4727992383005;-11433.654896456588;-16629.943743937463;-12903.974998471142;-20978.83325562874;-18098.788630817966;-32199.07369602605;
28327.21511449994;59276.558074540866;-28933.170906683317;-11617.743863790496;-19856.35100082767;-6474.942740791171;-34099.68723054972;-19388.70780333374;5695.358597678972;-2448.0971632119613;-11117.936506025375;-16528.355065388092;-13043.539290850078;-21117.726995674017;-18112.24438098006;-32331.977168557307;
28428.848496538223;57629.413322140375;-28822.865047796375;-11539.088075052272;-19847.343247812183;-6581.180582187246;-33990.141330974264;-19281.262967737075;5496.673941215747;-2551.429277828846;-11341.096322667161;-16633.452967816946;-12920.872917279354;-20997.653424460106;-18116.088881026375;-32223.660614926892;
28342.816632129747;59307.939923756116;-28938.177697441304;-11609.808994508863;-19830.82530865971;-6436.207167650124;-34106.213939930676;-19385.869131787913;5565.472610649182;-2531.6926874748096;-11218.184079907427;-16524.130585686038;-13020.896973716854;-21101.432573966096;-18103.19192447566;-32316.73327883879;
28439.130298987664;57606.435728840326;-28823.46854489667;-11552.007383347438;-19874.7911900033;-6641.530292216575;-34007.21806373812;-19295.501028955106;5638.495759784671;-2491.884230599908;-11256.249100714815;-16641.656058032044;-12949.259632737594;-21031.02457893188;-18136.853651625355;-32250.70622571781;
