Año;Mes;Dia; Hora
2020;09;12;17-20-42
CH1 ;CH2 ;CH3 ;CH4 ;CH5 ;CH6 ;CH7 ;CH8 ;CH9 ;CH10 ;CH11 ;CH12 ;CH13 ;CH14 ;CH15 ;CH16 ;
35361.912591685366;-187500.02235174447;35576.89166985651;49595.10112942471;60405.12000383378;48501.05029357079;40009.555519766276;40490.72152265567;49686.43035726909;67975.38762991282;-129651.76309964218;46590.55728799788;25210.51021939638;30917.69288989221;24207.02865207537;-187500.02235174447;
35347.80864093407;-187500.02235174447;35584.82653913814;49595.659923036095;60404.85178290031;48505.52064246186;40010.024906399834;40496.331810513955;49688.50906950344;67954.95813548066;-129689.58225126055;46598.73802646852;25212.41011767508;30908.998061299095;24214.471782978988;-187500.02235174447;
35368.52870804414;-187500.02235174447;35584.625373438044;49594.96701895798;60404.270637544476;48508.89575587461;40012.01421165636;40495.52714771356;49691.19127883807;67966.62574608633;-129636.42980294584;46598.87213693526;25216.27696946585;30926.4994772076;24209.956730599017;-187500.02235174447;
35377.80468199309;-187500.02235174447;35580.24443152481;49602.74542602843;60407.265771301485;48506.10178781769;40014.31644133526;40506.457150752205;49691.012464882435;67878.2693002545;-129690.36456231649;46601.867270692266;25210.107887996186;30915.16714276876;24214.69530042354;-187500.02235174447;
35354.11183287047;-187500.02235174447;35598.59521372261;49603.23716440644;60405.522335233974;48508.78399715233;40013.176502368035;40504.512548984596;49690.14074684867;67893.91552137322;-129603.48333161871;46606.18115737214;25220.166173001075;30946.45958500619;24211.901332366626;-187500.02235174447;
35366.941734187814;-187500.02235174447;35586.81584439467;49604.9582487295;60405.43292825615;48513.07553208775;40010.0919616332;40513.050915366526;49674.718043174515;67716.19680120908;-129694.94666992984;46601.50964278098;25211.89602755261;30911.255587489082;24212.191905044547;-187500.02235174447;
35384.353743118496;-187500.02235174447;35589.47570198485;49614.77066454538;60418.598105740326;48529.61582298468;40025.93934845202;40515.73312470116;49683.2787613009;67684.5243793159;-129597.04602921559;46609.668029507164;25216.455783421494;30944.850259405408;24212.393070744645;-187500.02235174447;
35379.83869073852;-187500.02235174447;35601.94797539091;49618.52575761387;60419.514527262996;48530.107561362696;40023.61476702867;40524.38324980537;49691.437148027086;67416.34814934112;-129736.76678380571;46613.49017780903;25216.209914232484;30882.35478190837;24221.2667132934;-187500.02235174447;
35395.462560112785;-187500.02235174447;35606.70889695989;49617.3634669022;60418.866326673786;48527.581814239245;40026.54284555231;40522.39394454884;49690.386616037686;67362.21222427038;-129628.4502301753;46615.30066910991;25220.36733870117;30933.54027671102;24225.31237903981;-187500.02235174447;
35374.42956858034;-187500.02235174447;35601.635050968536;49623.08551348276;60423.18021335366;48528.60999448419;40025.6487757741;40526.48431378416;49692.01829338292;67077.02631676511;-129775.12237729102;46619.480445323046;25218.13216425564;30876.185700438706;24225.960579629016;-187500.02235174447;
35390.38871412143;-187500.02235174447;35616.56601626468;49628.025249007376;60425.81771919939;48543.65271850261;40036.668185790564;40528.36186031841;49697.67328473012;67049.44426410727;-129633.03233778864;46623.101427924805;25219.629731134148;30948.35948328489;24229.782727930873;-187500.02235174447;
35396.781313035644;-187500.02235174447;35606.932414404444;49624.85130129472;60424.76718720999;48535.00259339841;40036.042336945815;40531.24523535314;49699.483776031;66765.68886824715;-129792.84731064408;46629.046991949916;25223.675396880557;30870.553060835966;24227.994588374448;-187500.02235174447;
35372.19439413481;-187500.02235174447;35611.536873762234;49621.789112304345;60418.240477829044;48530.53224450735;40032.64487178861;40523.109200371415;49698.343837063774;66791.88511274876;-129629.92544530935;46631.23746290654;25219.965007300976;30960.965867157684;24233.537820999365;-187500.02235174447;
35396.26722291318;-187500.02235174447;35587.352286261594;49612.088455210745;60411.53495449245;48520.295145546814;40027.1463426526;40520.27052882559;49686.050377613356;66536.18115618004;-129797.69763919088;46617.55819529989;25215.405251432094;30864.786310766496;24218.56215221431;-187500.02235174447;
35386.54421407512;-187500.02235174447;35600.025725367756;49617.07289422428;60413.43485277115;48528.87821541765;40031.281415376834;40516.604842734916;49687.27972355839;66584.46092420351;-129645.32579723906;46621.76032325749;25209.32557694025;30948.247724562614;24225.17826857308;-187500.02235174447;
35395.48491185724;-187500.02235174447;35605.256033570295;49621.230318692964;60415.71473070559;48530.80046544081;40037.584607313234;40521.32106081499;49690.252505570956;66368.05133438723;-129791.59561295458;46623.28024188045;25217.483963666436;30863.31109563245;24225.513544739908;-187500.02235174447;
35392.936812989334;-187500.02235174447;35602.395010280015;49623.21962394949;60415.580620238856;48534.33204106475;40035.68470903453;40515.64371772334;49693.4264532836;66394.13582016657;-129674.71834119777;46627.52707332696;25218.825068333754;30928.555837697488;24240.55626875833;-187500.02235174447;
35390.791045521626;-187500.02235174447;35605.03251612574;49622.59377510474;60416.29587606143;48537.81891319978;40033.78481075583;40519.041182880545;49696.980380652;66220.32865528211;-129787.08056057461;46628.30938438289;25225.485888181436;30867.267354401036;24228.352216285733;-187500.02235174447;
35407.33133641855;-187500.02235174447;35613.369716807574;49622.8619960382;60417.99460864003;48530.711058462985;40032.64487178861;40516.06840086799;49692.487680016486;66253.61040277606;-129680.73096045626;46624.04020119193;25226.51406842638;30932.333282510437;24232.710806454517;-187500.02235174447;
35407.085467229546;-187500.02235174447;35607.513559760286;49627.82408330728;60417.10053886182;48514.90837513308;40027.951005453;40513.49795025563;49689.22432532601;66121.28807560063;-129757.1292230045;46620.48627382354;25231.632617906645;30888.076828488927;24224.954751128527;-187500.02235174447;
35400.6034613375;-187500.02235174447;35606.15010334851;49623.80076930532;60416.497041761526;48527.67122121707;40030.2979386208;40514.570833989485;49688.53142124789;66134.0062181957;-129678.65224822192;46624.286070380935;25227.81046960479;30935.060195333983;24233.738986699464;-187500.02235174447;
35399.21765318127;-187500.02235174447;35597.32116428866;49624.22545244997;60415.1112336053;48527.917090406074;40031.19200839901;40512.29095605504;49689.15727009264;66050.50010091068;-129726.30616740063;46623.593166302824;25229.28568473884;30899.297404205492;24227.391091274156;-187500.02235174447;
35387.39358036442;-187500.02235174447;35600.98685037933;49618.34694365823;60417.70403596212;48541.909282435096;40031.97431945495;40516.1131043569;49689.93958114858;66060.33486847102;-129695.2595943522;46625.627175048256;25226.894048082122;30926.678291163244;24237.784652445873;-187500.02235174447;
35408.270109685676;-187500.02235174447;35612.252129584806;49629.29929844133;60424.70013197663;48536.47780853246;40037.18227591304;40523.086848626954;49696.42158704062;66033.51277512465;-129704.33440260106;46628.89052973873;25242.204993034007;30912.97667181214;24234.85657392223;-187500.02235174447;
35397.273051413664;-187500.02235174447;35626.60194952512;49634.44019966605;60428.365818067294;48541.75282022391;40042.99372947142;40528.25010159613;49696.667456229625;65989.50219029214;-129739.15842046242;46635.28312865295;25241.80266163381;30901.666689117756;24240.310399569324;-187500.02235174447;
35403.33037416105;-187500.02235174447;35620.11994363307;49629.34400193024;60424.90129767672;48539.45059054501;40039.73037478094;40520.04701138104;49700.579011509304;65986.86468444642;-129735.0233477382;46635.193721675125;25242.13793780064;30896.7940088265;24233.537820999365;-187500.02235174447;
35400.93873750434;-187500.02235174447;35609.01112663879;49628.1146559852;60421.4144255417;48527.782979939344;40031.61669154366;40520.73991545915;49691.437148027086;65950.54309970654;-129789.89688037598;46632.42210536267;25231.833783606744;30889.842616300895;24233.98485588847;-187500.02235174447;
35390.76869377717;-187500.02235174447;35609.748734205816;49633.59083337675;60423.78371045396;48537.66245098859;40038.903360236094;40519.197645091735;49690.230153826495;66048.86842356544;-129726.26146391172;46630.67866929516;25233.66662665208;30921.000948071596;24228.46397500801;-187500.02235174447;
35407.17487420736;-187500.02235174447;35595.3542107766;49623.0631617383;60418.9110301627;48536.99189865493;40035.26002588988;40520.78461894806;49694.54404050637;66048.10846425396;-129816.20488359987;46637.76417228749;25229.71036788349;30891.854273301873;24236.398844289644;-187500.02235174447;
35411.131132975956;-187500.02235174447;35611.11219061758;49626.59473736224;60421.8614604308;48533.661488731086;40039.23863640292;40518.30357531352;49690.18545033759;66228.06235886364;-129708.7153445143;46635.5066460975;25228.302207982804;30939.195268058214;24231.3697017872;-187500.02235174447;
35411.9581475208;-187500.02235174447;35611.067487128676;49626.43827515105;60420.94503890813;48536.857788188194;40031.840208988215;40526.797238206535;49693.35939805024;66207.18582954239;-129822.95511042538;46642.36863164528;25230.71619638398;30891.45194190168;24237.69524546805;-187500.02235174447;
35430.554798907615;-187500.02235174447;35605.23368182584;49634.39549617714;60424.36485580979;48526.821854927766;40036.48937183492;40521.18695034825;49691.414796282625;66405.64696856105;-129680.48509126724;46641.765134544985;25232.61609466268;30960.45177703521;24235.124794855692;-187500.02235174447;
35431.09124077454;-187500.02235174447;35600.40570502349;49640.944557302544;60428.87990818977;48542.51277953539;40042.07730794875;40533.48040979867;49694.07465387281;66336.17774679395;-129833.90746520848;46646.101372969315;25238.829879621255;30886.31104067696;24241.36093155872;-187500.02235174447;
35391.66276355538;-187500.02235174447;35619.22587385486;49635.9154148001;60427.85172794482;48551.8111052288;40043.9995579719;40526.104334128424;49697.36036030774;66528.82743225426;-129688.46466403779;46653.47744863957;25238.069920309776;30966.374989315867;24247.61942000621;-187500.02235174447;
35393.42855136735;-187500.02235174447;35622.37746982306;49638.93290030157;60430.332771579364;48542.98216616895;40040.088002692224;40532.42987780928;49699.70729347555;66466.44371347949;-129826.17376162694;46651.488143383045;25238.8075278768;30901.01848852855;24242.545574014854;-187500.02235174447;
35419.82596156907;-187500.02235174447;35609.77108595027;49636.898891556135;60427.136472122256;48534.846131187216;40037.15992416858;40524.003270149624;49692.91236316114;66678.04767823788;-129661.26259103569;46644.156771201706;25232.437280707036;30984.770475002588;24239.103405368736;-187500.02235174447;
35425.74917384973;-187500.02235174447;35608.6534987275;49636.20598747802;60425.88477443276;48540.50112253441;40035.32708112324;40525.478485283675;49691.25833407144;66604.44338374656;-129807.93473815141;46641.83218977835;25231.297341739817;30905.82411358644;24229.022768619394;-187500.02235174447;
35423.715165104295;-187500.02235174447;35622.33276633415;49643.62676663718;60432.00915241351;48554.73918375244;40044.200723672;40529.747668474636;49694.34287480627;66783.74907776703;-129657.596904945;46646.257835180506;25232.034949306842;30972.968753930185;24233.336655299267;-187500.02235174447;
35425.168028493885;-187500.02235174447;35609.61462373908;49645.63842363816;60430.77980646847;48544.52443653637;40038.81395325827;40533.368651076395;49698.09796787477;66696.4431639246;-129811.95805215336;46646.593111347334;25236.371187731173;30887.182758710715;24230.56503898681;-187500.02235174447;
35432.29823497513;-187500.02235174447;35612.94503366292;49647.85124633923;60435.69719024863;48557.57785529827;40047.91111325158;40534.53094178807;49696.533345762895;66848.50208145405;-129694.32082108509;46647.73305031456;25233.66662665208;30950.371140285868;24232.80021343234;-187500.02235174447;
35441.596560668535;-187500.02235174447;35622.109248889596;49650.108772529224;60438.69232400565;48542.93746268004;40045.608883572684;40541.99642443615;49700.377845809206;66790.9686912261;-129804.42551427192;46648.51536137049;25239.008693576896;30896.883415804317;24228.687492452562;-187500.02235174447;
35412.69575508783;-187500.02235174447;35630.15587689351;49658.46832495551;60443.140321152256;48557.24257913144;40048.33579639623;40544.25395062613;49703.14946212166;66928.76719579306;-129683.10024536852;46652.62808235027;25238.986341832442;30961.92699216926;24239.952771658038;-187500.02235174447;
35416.227330711765;-187500.02235174447;35631.76520249429;49659.49650520045;60447.185986898665;48565.266855390895;40053.18612494304;40547.718471016706;49708.9832674245;66844.85874710784;-129794.74720892278;46653.11982072829;25241.154461044607;30898.62685187183;24235.147146600146;-187500.02235174447;
35434.42165069839;-187500.02235174447;35616.320147075676;49658.75889763342;60440.458111817614;48551.967567439984;40046.79352602882;40542.801087236534;49706.099892389764;66958.8526438299;-129698.65705950941;46655.958492274105;25240.863888366686;30959.334189812445;24242.992608903958;-187500.02235174447;
35458.00274109873;-187500.02235174447;35625.260844857796;49660.21176102302;60447.07422817639;48556.50497156441;40055.04131973282;40547.53965706106;49704.40115981116;66975.34823123792;-129732.02821398119;46655.48910564055;25247.77057740338;30935.283712778535;24235.013036133416;-187500.02235174447;
35429.72778436277;-187500.02235174447;35625.57376928017;49656.52372318789;60440.458111817614;48560.03654718835;40050.70508130849;40545.43859308226;49702.72477897701;67024.05268240604;-129711.68812652686;46659.57947487587;25242.316751756283;30939.485840736135;24244.289010082368;-187500.02235174447;
35439.093165289545;-187500.02235174447;35630.647615271526;49664.59270293626;60449.08588517737;48568.30669263681;40056.672997078065;40550.17716290679;49705.67520924511;67023.02450216109;-129743.40525190893;46660.80882082091;25247.100025069718;30913.669575890253;24232.710806454517;-187500.02235174447;
35448.88322936097;-187500.02235174447;35609.81578943918;49656.054336554334;60441.95567869612;48557.354337853714;40052.26970342037;40543.4716395702;49708.69269474658;67048.19256641777;-129747.00388276624;46665.27916971197;25239.455728466004;30919.77160212655;24239.50573676893;-187500.02235174447;
35428.27492097318;-187500.02235174447;35636.57082755218;49660.07765055629;60445.04021943096;48576.82270727429;40056.82945928925;40546.28795937156;49705.00465691146;67090.86204658294;-129729.54717034665;46659.55712313141;25236.170022031074;30918.385793970323;24223.345425527743;-187500.02235174447;
35427.22438898378;-187500.02235174447;35625.23849311334;49659.69767090055;60440.882794962265;48554.22509362997;40047.240560917926;40546.62323553839;49707.709217990545;67087.24106398119;-129767.14280452047;46668.43076568017;25236.08061505325;30906.65112813129;24232.710806454517;-187500.02235174447;
35442.021243813186;-187500.02235174447;35617.705955231904;49659.63061566718;60440.324001350884;48551.67699476206;40043.48546784943;40538.554255790026;49696.5780492518;67194.79765830013;-129679.99335288923;46659.95945453161;25234.337178985737;30948.583000729443;24226.02763486238;-187500.02235174447;
35439.517848434196;-187500.02235174447;35630.088821660145;49659.20593252253;60443.699114763636;48562.69640477853;40048.559313840786;40547.67376752779;49699.57318300882;67172.08828593354;-129740.6783390854;46663.7145476001;25236.95233308701;30919.12340153735;24231.3697017872;-187500.02235174447;
35472.10669185003;-187500.02235174447;35608.541740005225;49662.93867384657;60444.28026011947;48565.35626236871;40047.79935452931;40543.2704738701;49703.82001445533;67241.13282455597;-129672.72903594126;46667.58139939087;25243.724911656966;30936.6024657014;24230.386225031165;-187500.02235174447;
35433.19230475334;-187500.02235174447;35618.30945233219;49666.80552563733;60443.85557697482;48564.976282712974;40045.56418008378;40551.87589548539;49699.9308109201;67135.47612851574;-129795.66363044544;46666.19559123464;25235.56652493078;30879.404351640267;24232.777861687882;-187500.02235174447;
35432.38764195295;-187500.02235174447;35645.53387707876;49672.88520012918;60443.92263220819;48557.93548320955;40048.35814814069;40552.255875141134;49703.14946212166;67257.56135673063;-129666.64936144941;46669.4142424362;25248.105853570207;30943.84443090492;24232.710806454517;-187500.02235174447;
35451.43132822887;-187500.02235174447;35621.32693783366;49668.61601693821;60436.25598386002;48547.05018365982;40039.059822447285;40548.411375094816;49697.98620915249;67164.42163758536;-129784.08542681759;46665.92737030117;25248.508184970404;30892.368363424346;24230.833259920273;-187500.02235174447;
35473.31368605062;-187500.02235174447;35609.68167897245;49663.2739500134;60434.62430651478;48550.24648311693;40037.96458696897;40538.6660145123;49689.403139281654;67288.89850245697;-129651.60663743099;46659.02068126448;25242.339103500737;30951.488727508633;24220.864381893207;-187500.02235174447;
35431.78414485266;-187500.02235174447;35621.08106864466;49664.19037153607;60435.786597226455;48561.26589313339;40043.1501916826;40547.04791868304;49690.78894743788;67151.03294265663;-129808.24766257378;46666.21794297909;25244.931905857553;30873.52584284852;24221.64669294914;-187500.02235174447;
35451.16310729541;-187500.02235174447;35629.15004839302;49678.853115898746;60450.44934158914;48579.4155096311;40058.5058401234;40554.2228286532;49695.482813773495;67290.17255189092;-129651.62898917544;46672.9681698046;25242.65202792311;30952.51690775358;24226.69818719604;-187500.02235174447;
35473.49250000626;-187500.02235174447;35632.882789717056;49682.25058105595;60453.35506836833;48569.111355437206;40052.24735167591;40565.041072969565;49706.79279646788;67139.9017739179;-129827.85014246109;46680.94774257514;25249.46930998198;30867.5355753345;24234.70011171104;-187500.02235174447;
35457.0192643427;-187500.02235174447;35635.56499905169;49686.09508110226;60454.9196904802;48569.15605892611;40055.264837177376;40562.40356712384;49703.30592433285;67304.76824102024;-129647.76213738468;46678.08671928486;25247.94939135902;30966.88907943834;24238.835184435273;-187500.02235174447;
35455.722863164294;-187500.02235174447;35628.92653094847;49681.8258979113;60452.081018934376;48568.91018973711;40050.235694674935;40566.89626775936;49701.1825086096;67164.46634107428;-129813.29915682068;46676.23152449507;25252.777368161365;30881.885395274807;24234.45424252203;-187500.02235174447;
35483.88606117798;-187500.02235174447;35610.86632142858;49687.34677879176;60456.1713881697;48571.346529882736;40052.202648187005;40564.79520378056;49702.90359293266;67305.25997939825;-129659.09447182353;46679.20430650763;25248.95521985951;30970.577117273468;24241.42798679209;-187500.02235174447;
35448.90558110542;-187500.02235174447;35642.024653199274;49694.78990969538;60459.92648123819;48573.60405607272;40044.223075416456;40577.558049864536;49706.99396216798;67178.4585331033;-129810.25931957476;46677.1702977622;25258.29824904183;30891.25077620158;24234.543649499854;-187500.02235174447;
35465.40116851344;-187500.02235174447;35645.84680150113;49696.376883551704;60460.41821961621;48580.37663464268;40059.37755815715;40580.016741754625;49711.0843314033;67305.93053173191;-129676.08179760956;46683.585248420866;25258.499414741924;30965.950306171217;24246.233611849977;-187500.02235174447;
35467.39047376996;-187500.02235174447;35639.14127816454;49694.90166841765;60463.21218767312;48582.90238176613;40055.30954066629;40580.75434932165;49715.21940412753;67207.9181322954;-129796.60240371258;46689.37435023479;25262.545080488337;30903.79010484101;24241.763262958917;-187500.02235174447;
35489.09401763607;-187500.02235174447;35635.319129862684;49689.671360215114;60459.85942600482;48579.84019277575;40051.06270921978;40576.82044229752;49709.43030231361;67302.82363925263;-129704.55792004561;46684.50166994354;25252.307981527803;30953.410977531792;24243.84197519326;-187500.02235174447;
35456.46047073132;-187500.02235174447;35637.688414774944;49700.82488069831;60462.45222836164;48581.62833233218;40050.526267352856;40585.02353251261;49709.02797091341;67238.42826347689;-129799.37402002503;46685.99923682204;25261.47219675448;30899.230348972127;24240.690379225063;-187500.02235174447;
35466.94343888086;-187500.02235174447;35638.02369094177;49697.02508414091;60462.80985627292;48568.17258217008;40051.21917143097;40582.60954411144;49706.815148212336;67355.84197710062;-129692.5550332731;46690.17901303518;25262.299211299327;30971.627649262864;24252.648562508653;-187500.02235174447;
35467.9716191258;-187500.02235174447;35629.440621070935;49696.91332541863;60462.63104231728;48591.887783037164;40050.77213654186;40581.71547433323;49705.898726689666;67304.67883404241;-129761.1748887509;46688.65909441222;25263.975592133476;30914.6977561352;24237.0693966233;-187500.02235174447;
35467.30106679214;-187500.02235174447;35640.840010743144;49692.890011416675;60459.30063239344;48580.980131742974;40051.39798538661;40582.65424760035;49716.873433217224;67372.69519241991;-129699.37231533199;46692.05655956943;25254.94548737353;30957.21077408919;24244.71369322702;-187500.02235174447;
35470.98910462727;-187500.02235174447;35638.470725830884;49699.23790684198;60461.13347543877;48587.39508240164;40052.49322086492;40582.69895108926;49721.209671641554;67341.00041878229;-129742.73469957527;46683.27232399849;25257.918269386086;30913.31194797897;24229.93919014206;-187500.02235174447;
35483.57313675561;-187500.02235174447;35638.62718804207;49700.087273131285;60456.46196084761;48575.92863749607;40043.664281805075;40588.041018014075;49721.07556117482;67355.21612825587;-129743.31584493112;46686.42391996669;25256.24188855194;30925.963035340672;24239.41632979111;-187500.02235174447;
35471.07851160509;-187500.02235174447;35640.840010743144;49703.730607477504;60461.222882416594;48574.38636712866;40050.77213654186;40590.25384071515;49721.96963095303;67388.54257923873;-129718.59481556354;46686.580382177875;25261.15927233211;30925.672462662755;24231.280294809378;-187500.02235174447;
35481.092093121064;-187500.02235174447;35631.273464116275;49702.63537199919;60465.33560339637;48577.649721819136;40054.54958135481;40594.187747739285;49726.305869377364;67373.11987556456;-129759.18558349439;46692.05655956943;25256.57716471877;30916.843523602907;24239.058701879825;-187500.02235174447;
35472.374912783496;-187500.02235174447;35637.978987452865;49698.477947530504;60463.055725461934;48591.261934192415;40058.63995059013;40591.08085526;49732.29613689138;67418.58332378666;-129721.99228072075;46698.471510228104;25261.785121176854;30918.765773626063;24236.55530650083;-187500.02235174447;
35490.30101183665;-187500.02235174447;35631.02759492726;49691.95123814956;60456.64077480326;48572.106489194215;40044.848924261205;40589.76210233714;49722.93075596461;67376.27147153276;-129786.65587742996;46695.34226600436;25255.034894351353;30899.185645483216;24239.528088513387;-187500.02235174447;
35473.336037795074;-187500.02235174447;35638.38131885306;49702.90359293266;60464.06155396242;48583.26000967741;40047.866409762675;40595.50650066215;49722.90840422016;67465.49963539834;-129693.87378619598;46692.43653922517;25258.29824904183;30929.293445264513;24234.141318099657;-187500.02235174447;
35485.6742007344;-187500.02235174447;35623.785629723745;49702.233040599;60462.04989696144;48578.09675670824;40045.16184868358;40595.88648031789;49724.11539842074;67395.29280606423;-129794.85896764505;46694.38114099278;25262.343914788238;30895.29644194799;24238.164632101612;-187500.02235174447;
35485.18246235639;-187500.02235174447;35641.10823167661;49704.08823538879;60463.614519073315;48583.48352712197;40050.369805141665;40596.288811718085;49723.19897689808;67521.11077560316;-129664.2577247927;46694.49289971506;25262.545080488337;30948.31477979598;24234.36483554421;-187500.02235174447;
35471.72671219429;-187500.02235174447;35636.48142057436;49699.14849986416;60461.75932428352;48577.068576463294;40045.608883572684;40605.095399033475;49724.83065424331;67408.2568178483;-129806.70539220636;46700.840795140364;25265.160234589606;30884.63465984281;24239.148108857647;-187500.02235174447;
35477.44875877485;-187500.02235174447;35632.12283040558;49698.45559578605;60455.9702224696;48569.98307347096;40048.22403767396;40596.31116346254;49702.680075488104;67555.04072368631;-129642.95651232678;46694.17997529268;25259.818167664787;30961.54701251352;24233.64957972164;-187500.02235174447;
35485.31657282312;-187500.02235174447;35637.688414774944;49694.05230212835;60458.33950738186;48583.39412014415;40047.93346499604;40604.961288566745;49700.06492138683;67391.33654729564;-129831.38171808503;46694.068216570406;25256.17483331857;30858.416063596735;24228.46397500801;-187500.02235174447;
35486.05418039014;-187500.02235174447;35630.73702224935;49695.326351562304;60456.283146891976;48578.1638119416;40039.5515608253;40595.97588729571;49699.01438939743;67520.4402232695;-129687.52589077067;46693.777643892485;25258.52176648638;30931.059233076485;24234.342483799755;-187500.02235174447;
35477.20288958584;-187500.02235174447;35633.10630716161;49697.27095332992;60457.75836202603;48577.627370074675;40041.2502934039;40605.318916478034;49697.8297469413;67389.14607633902;-129839.36129085557;46690.156661290726;25257.515937985892;30868.16142417925;24232.442585521054;-187500.02235174447;
35474.677142462395;-187500.02235174447;35642.1140601771;49700.9813429095;60458.49596959305;48583.59528584425;40047.62054057366;40603.53077692161;49701.40602605415;67526.40813903906;-129670.20328881781;46694.984638093076;25258.253545552918;30951.779300186554;24235.46007102252;-187500.02235174447;
35487.127064124;-187500.02235174447;35640.214161898395;49704.37880806671;60462.25106266154;48586.32219866779;40048.17933418505;40611.890329347894;49707.306886590355;67382.46290474688;-129810.34872655258;46696.34809450485;25259.10291184222;30882.64535458629;24229.626265719686;-187500.02235174447;
35485.04835188966;-187500.02235174447;35638.91776071999;49708.15625287966;60461.15582718323;48580.846021276244;40050.660377819586;40607.26351824564;49711.39725582567;67486.9796618199;-129664.72711142625;46703.74652191955;25255.548984473826;30956.517870011077;24237.98581814597;-187500.02235174447;
35492.35737232654;-187500.02235174447;35631.161705394;49709.43030231361;60463.86038826232;48594.32412318279;40054.19195344352;40611.35388748096;49714.302982604866;67326.15886046397;-129818.77533421223;46705.735827176075;25257.135958330153;30873.503491104068;24238.94694315755;-187500.02235174447;
35506.46132307784;-187500.02235174447;35634.559170551205;49708.73739823549;60467.90605400873;48601.85666106423;40058.7070058235;40610.92920433631;49719.26506987394;67421.51140231031;-129675.70181795381;46712.28488830148;25259.929926387063;30957.83662293394;24249.631077007187;-187500.02235174447;
35502.34860209806;-187500.02235174447;35619.82937095516;49697.11449111873;60453.332716623874;48573.26877990589;40041.20558991499;40600.915622820336;49714.39238958268;67288.20559837886;-129794.76956066724;46710.58615572288;25261.852176410222;30887.696848833188;24237.94111465706;-187500.02235174447;
35479.415712286915;-187500.02235174447;35639.49890607582;49705.29522958938;60462.20635917263;48591.50780338142;40055.488354621935;40613.54435843758;49707.306886590355;67370.3482592521;-129686.43065529237;46705.0205713535;25255.548984473826;30951.712244953185;24241.115062369714;-187500.02235174447;
35491.865633948524;-187500.02235174447;35645.15389742302;49712.49249130398;60465.983803985575;48589.27262893589;40057.41060464509;40621.32276550803;49716.314639605844;67276.135656373;-129779.01158082623;46712.597812723856;25265.115531100695;30898.604500127378;24238.343446057257;-187500.02235174447;
35489.295183336166;-187500.02235174447;35638.87305723108;49708.51388079094;60461.75932428352;48584.0199689889;40049.98982548593;40620.74162015219;49715.264107616444;67322.56022960666;-129712.7163067718;46719.41509478272;25263.685019455555;30946.727805939652;24246.904164183637;-187500.02235174447;
35496.24657586176;-187500.02235174447;35636.302606618716;49704.19999411106;60462.54163533946;48594.88291679417;40053.47669762096;40617.00887882816;49712.31367734834;67241.6692664229;-129784.97949659581;46714.832987169386;25265.026124122876;30893.10597099137;24234.923629155594;-187500.02235174447;
35510.059953935146;-187500.02235174447;35640.92941772097;49710.0337994139;60467.05668771943;48597.1180912397;40058.483488378944;40620.831027130014;49717.25341287296;67237.84711812105;-129781.71614190533;46725.11478961883;25265.85313866772;30912.864913089863;24245.674818238596;-187500.02235174447;
35499.46522706333;-187500.02235174447;35651.05475795922;49709.09502614677;60466.408487130226;48596.73811158397;40057.567066856274;40620.78632364111;49717.40987508415;67189.52264660868;-129826.57609302714;46720.46562677212;25271.217557336993;30880.76780805204;24233.716634955006;-187500.02235174447;
35502.32625035361;-187500.02235174447;35636.07908917416;49712.00075292597;60464.39683012925;48593.47475689349;40056.06949997777;40623.60264344247;49719.48858731849;67183.08534420554;-129828.02895641673;46725.383010552294;25266.411932279105;30909.087468276917;24245.048969393847;-187500.02235174447;
35492.983221171286;-187500.02235174447;35632.323996105675;49705.71991273403;60458.58537657087;48578.409681130615;40046.54765683981;40613.65611715986;49710.83846221429;67192.76364955469;-129802.14563633749;46716.88934765928;25267.6636299686;30911.143828766806;24235.191850089057;-187500.02235174447;
35500.38164858599;-187500.02235174447;35632.48045831686;49699.61788649773;60456.01492595851;48590.501974880935;40047.12880219565;40615.69012590529;49704.982305167;67133.8444511705;-129865.24461093481;46711.79314992346;25261.00281012092;30898.40333442728;24236.421196034098;-187500.02235174447;
35480.957982654334;-187500.02235174447;35656.46388011741;49717.8345582288;60471.929368010686;48605.298829710344;40061.210401202494;40624.049678331576;49714.571203538326;67205.90647529441;-129775.12237729102;46720.30916456094;25269.027086380374;30937.83181164644;24238.07522512379;-187500.02235174447;
35521.50404709626;-187500.02235174447;35646.919685234985;49711.44195931459;60470.70002206565;48592.737149326465;40060.33868316873;40631.89514063539;49723.75777050946;67119.71814867474;-129874.69939883941;46732.088533888884;25269.18354859156;30902.091372262406;24254.280239853888;-187500.02235174447;
35516.85488424956;-187500.02235174447;35639.83418224266;49718.6839245181;60476.71264132412;48602.21428897551;40062.14917446961;40629.10117257848;49728.69750603408;67206.37586192797;-129768.9309440769;46734.055487400954;25274.190339349552;30945.83373616144;24251.41921656361;-187500.02235174447;
35507.64596553397;-187500.02235174447;35628.747716992824;49712.31367734834;60472.64462383326;48587.59624810174;40059.3552064127;40627.24597778868;49724.67419203212;67101.8367531105;-129888.33396295714;46728.3781443093;25265.786083434356;30897.35280243788;24248.64760025115;-187500.02235174447;
35500.31459335263;-187500.02235174447;35652.28410390426;49712.336029092796;60471.45998137713;48605.70116111054;40062.57385761426;40625.41313474335;49721.29907861938;67208.58868462905;-129758.91736256093;46725.78534195248;25267.060132868308;30952.293390309023;24242.165594359114;-187500.02235174447;
35522.88985525249;-187500.02235174447;35626.803115225215;49706.85985170124;60467.816647030915;48596.00050401694;40055.80127904431;40625.167265554344;49718.8850902182;67080.31202320004;-129896.17942526095;46724.332478562894;25260.801644420822;30896.615194870854;24243.104367626234;-187500.02235174447;
35515.22320690432;-187500.02235174447;35647.74669977983;49707.84332845728;60470.63296683228;48595.08408249427;40062.707968081;40625.97192835473;49712.984229682;67180.17961742636;-129744.9251705319;46721.96319365063;25260.488719998448;30956.942553155728;24241.003303647438;-187500.02235174447;
35516.87723599401;-187500.02235174447;35647.23260965736;49709.318543591326;60471.16940869921;48601.7225505975;40064.22788670396;40632.87861739143;49718.974497196024;66970.76612362458;-129936.74784144734;46727.3276123199;25267.395409035136;30859.95833396415;24241.830318192282;-187500.02235174447;
35508.00359344525;-187500.02235174447;35643.00812995531;49710.77140698092;60465.82734177439;48587.93152426858;40057.924694767564;40623.200312042274;49715.84525297228;67058.72023805622;-129802.65972645995;46724.9806791521;25263.19328107754;30928.82405863095;24242.746739714952;-187500.02235174447;
35508.60709054555;-187500.02235174447;35629.865304215586;49710.6820000031;60466.81081853042;48577.38150088567;40051.50974410889;40625.52489346563;49712.827767470815;66911.42224209574;-129953.91398118902;46724.399533796255;25265.987249134454;30860.986514209097;24239.393978046654;-187500.02235174447;
35519.29122439519;-187500.02235174447;35638.02369094177;49708.625639513215;60469.35891739833;48601.275515708396;40058.19291570102;40617.99235558419;49715.688790761094;67032.43458657677;-129802.77148518224;46726.210025097134;25264.467330511492;30939.79876515851;24244.31136182682;-187500.02235174447;
35497.76649448473;-187500.02235174447;35638.80600199771;49709.49735754697;60467.63783307527;48587.059806234814;40053.16377319858;40624.65317543187;49715.9346599501;66887.6399859953;-129971.50480407535;46725.11478961883;25269.898804414133;30858.505470574557;24233.60487623273;-187500.02235174447;
35523.56040758615;-187500.02235174447;35637.688414774944;49713.1853953821;60471.19176044366;48598.34743718475;40056.47183137797;40626.083687077014;49715.822901227824;67036.54730755655;-129800.06692410314;46729.719248976624;25270.18937709205;30958.484823523144;24241.78561470337;-187500.02235174447;
35521.61580581854;-187500.02235174447;35652.84289751564;49712.336029092796;60471.54938835495;48599.35326568523;40055.30954066629;40632.90096913588;49722.17079665313;66877.26877656803;-129979.95376347945;46732.75908622254;25277.073714384285;30850.883525715297;24236.600009989743;-187500.02235174447;
35511.91514872493;-187500.02235174447;35648.4172521135;49714.61590702723;60474.67863257869;48597.16279472862;40056.76240405589;40631.671623190836;49721.835520486304;67012.56388575601;-129836.38850884301;46733.51904553402;25273.139807360152;30944.000893116106;24250.212222363025;-187500.02235174447;
35514.68676503739;-187500.02235174447;35647.567885824195;49715.39821808317;60476.53382736848;48599.88970755216;40054.95191275501;40635.18084707032;49723.444846087084;66916.16081192027;-129956.88676320158;46728.64636524276;25275.889071928155;30869.524880591023;24233.247248321444;-187500.02235174447;
35514.46324759284;-187500.02235174447;35640.54943806522;49716.96284019505;60472.93519651118;48589.18322195807;40051.01800573087;40632.20806505776;49720.53911930789;67001.72328969519;-129876.01815176227;46730.23333909909;25270.85992942571;30928.868762119862;24245.76422521642;-187500.02235174447;
35506.21545388883;-187500.02235174447;35641.5105630768;49718.12513090672;60473.56104535593;48593.25123944894;40052.15794469809;40635.314957537055;49719.823863485326;66994.14604832484;-129910.90922485701;46723.9301471627;25272.87158642669;30913.088430534415;24231.637922720663;-187500.02235174447;
35523.64981456397;-187500.02235174447;35640.03534794275;49710.860813958745;60471.21411218812;48587.059806234814;40048.559313840786;40635.40436451487;49718.59451754028;67078.61329062143;-129852.77233752876;46727.685240231185;25271.19520559254;30952.248686820116;24242.344408314755;-187500.02235174447;
35520.051183706666;-187500.02235174447;35653.15582193802;49717.65574427316;60476.17619945719;48601.610791875224;40055.77892729985;40637.57248372704;49723.04251468689;67076.60163362046;-129887.52930015676;46732.06618214443;25283.399258065136;30915.033032302028;24236.08591986727;-187500.02235174447;
35513.815047003634;-187500.02235174447;35641.37645261007;49717.856909973256;60472.30934766643;48591.15017547014;40054.03549123234;40639.025347116636;49721.72376176403;67101.52382868814;-129899.19691076243;46732.312051333436;25279.174778363085;30915.413011957768;24245.808928705326;-187500.02235174447;
35507.62361378952;-187500.02235174447;35644.72921427837;49720.11443616324;60473.471638378105;48598.83917556277;40055.08602322174;40634.77851567013;49721.38848559719;67155.41388456988;-129886.12114025607;46730.16628386573;25280.42647605258;30911.657918889276;24235.79534718935;-187500.02235174447;
35512.85392199206;-187500.02235174447;35630.89348446053;49712.91717444863;60467.83899877537;48587.01510274591;40045.18420042803;40635.00203311468;49718.66157277365;67184.20293142831;-129931.3163675447;46731.395629810766;25276.403162050625;30904.72887810813;24239.058701879825;-187500.02235174447;
35519.961776728844;-187500.02235174447;35644.34923462263;49707.48570054599;60465.00032722954;48594.078253993786;40049.11810745217;40627.64830918888;49714.75001749397;67292.54183680318;-129874.63234360605;46728.55695826495;25277.654859740123;30924.17489578425;24229.51450699741;-187500.02235174447;
35506.9307097114;-187500.02235174447;35643.18694391095;49705.339933078285;60456.99840271454;48581.18129744307;40038.210456157976;40626.46366673275;49711.10668314775;67280.85187445306;-129957.60201902414;46726.34413556387;25274.749132960933;30892.234252957616;24229.13452734167;-187500.02235174447;
35537.06086123715;-187500.02235174447;35639.521257820285;49704.66938074463;60464.307423151426;48586.05397773433;40052.09088946473;40623.40147774237;49709.87733720271;67429.02158844729;-129848.32434038215;46724.1760163517;25276.15729286162;30937.11655582387;24221.289065037858;-187500.02235174447;
35502.59447128707;-187500.02235174447;35640.54943806522;49706.72574123451;60468.80012378695;48597.073387750796;40054.97426449946;40633.14683832489;49717.36517159524;67384.74278268132;-129966.98975169538;46735.70951649064;25274.749132960933;30885.081694731918;24233.42606227709;-187500.02235174447;
35500.44870381936;-187500.02235174447;35637.12962116356;49715.04059017189;60469.94006275417;48598.3697889292;40056.941218011525;40626.75423941067;49720.20384314106;67544.35658983668;-129839.76362225576;46740.31397584844;25276.29140332835;30936.6024657014;24231.5708674873;-187500.02235174447;
35522.59928257457;-187500.02235174447;35619.248225599316;49706.70338949006;60466.81081853042;48591.70896908152;40050.90624700859;40631.55986446856;49723.66836353164;67485.95148157496;-129969.20257439645;46743.420868327725;25272.536310259857;30886.959241266162;24235.929457656082;-187500.02235174447;
35529.684785566904;-187500.02235174447;35634.201542639916;49708.200956368564;60470.320042409905;48592.53598362637;40052.51557260938;40628.743544667195;49718.773331495926;67672.1191611432;-129804.85019741657;46739.24109211458;25267.99890613543;30965.36916081538;24230.94501864255;-187500.02235174447;
35509.32234636812;-187500.02235174447;35645.15389742302;49715.50997680545;60479.484257636585;48599.97911452998;40057.07532847826;40644.00978613017;49729.07748568982;67573.12328495065;-129955.99269342337;46741.85624621585;25275.24087133895;30889.842616300895;24233.247248321444;-187500.02235174447;
35506.550730055664;-187500.02235174447;35646.495002090334;49719.84621522978;60476.31030992393;48592.04424524835;40056.27066567787;40637.50542849367;49727.98225021151;67706.20557143755;-129825.16793312645;46736.62593801331;25279.37594406318;30946.437233261735;24233.98485588847;-187500.02235174447;
35522.9345587414;-187500.02235174447;35637.10726941911;49707.9327354351;60475.706812823635;48591.261934192415;40053.11906970967;40641.57344598454;49724.09304667629;67586.7578490684;-130003.22192945743;46737.4306008137;25275.889071928155;30869.21195616865;24233.35900704372;-187500.02235174447;
35531.53998035669;-187500.02235174447;35648.17138292448;49715.21940412753;60482.30057743795;48604.60592563223;40058.125860467655;40644.814448930556;49726.01529669944;67768.61164195677;-129818.86474119006;46738.43642931419;25275.799664950333;30970.37595157337;24240.13158561368;-187500.02235174447;
35517.816009261136;-187500.02235174447;35647.970217224385;49712.15721513715;60479.5736646144;48605.18707098807;40055.823630788764;40648.1448588544;49732.1396746802;67630.41080598961;-129997.00814449885;46741.252749115556;25283.309851087317;30882.980630753118;24238.388149546165;-187500.02235174447;
35522.062840707644;-187500.02235174447;35651.322978892684;49721.67905827511;60483.462868149625;48593.631219104675;40055.51070636639;40648.435431532314;49729.815093256846;67783.56495899736;-129822.50807553627;46742.035060171496;25282.974574920485;30978.75785574411;24244.69134148256;-187500.02235174447;
35518.59832031707;-187500.02235174447;35636.034385685256;49720.00267744096;60479.01487100302;48589.47379463599;40056.02479648886;40650.201219344286;49722.14844490868;67620.97836982946;-129992.49309211888;46737.07297290242;25281.09702838624;30886.713372077153;24237.449376279044;-187500.02235174447;
35534.17748620242;-187500.02235174447;35634.04508042873;49719.533290807405;60482.144115226765;48615.11124552623;40063.78085181485;40649.12833561043;49727.915194978144;67718.32021693233;-129869.49144238133;46748.20414164116;25281.946394675542;30948.31477979598;24245.98774266097;-187500.02235174447;
35540.30186418317;-187500.02235174447;35626.5572460362;49713.453616315564;60477.85258029134;48599.68854185207;40059.86929653517;40648.07780362103;49725.478854832516;67590.84821830371;-130005.16653122504;46745.87956021781;25280.158255119117;30878.06324697295;24235.527126255885;-187500.02235174447;
35502.88504396499;-187500.02235174447;35643.67868228897;49710.27966860291;60471.504684866035;48600.80612907483;40054.52722961036;40640.76878318415;49718.32629660682;67684.99376594946;-129892.44668393693;46744.69491776168;25280.739400474955;30941.877477392853;24240.019826891403;-187500.02235174447;
35504.02498293221;-187500.02235174447;35633.84391472863;49704.11058713324;60468.643661575756;48594.32412318279;40049.319273152265;40634.62205345894;49711.17373838112;67613.24466624793;-129989.16268219503;46732.66967924472;25277.364287062202;30881.617174341343;24217.064585335804;-187500.02235174447;
35511.82574174711;-187500.02235174447;35626.28902510274;49700.73547372049;60461.84873126134;48574.87810550667;40040.44563060351;40628.944710367294;49707.575107523815;67685.7313735165;-129925.39315526404;46733.429638556205;25273.117455615695;30918.564607925968;24221.579637715775;-187500.02235174447;
35520.43116336241;-187500.02235174447;35618.398859310015;49701.04839814286;60457.62425155929;48574.833402017764;40034.03067994484;40625.74841091018;49697.717988219025;67666.08419014027;-129969.53785056328;46722.70080121765;25270.032914880863;30890.312002934457;24207.252169519925;-187500.02235174447;
35513.45741909235;-187500.02235174447;35633.48628681735;49699.327313819806;60465.31325165192;48591.48545163697;40042.79256377132;40629.570559212036;49702.27774408791;67720.51068788895;-129934.84794316864;46729.361621065334;25269.38471429166;30918.251683503593;24218.74096616995;-187500.02235174447;
35496.134817139486;-187500.02235174447;35632.92749320596;49699.90845917565;60465.24619641855;48593.45240514904;40049.743956296916;40629.369393511945;49706.658686001145;67710.65356858415;-129957.28909460177;46729.04869664296;25274.503263771923;30896.190511726203;24215.41055624611;-187500.02235174447;
35515.87140749352;-187500.02235174447;35634.53681880675;49705.09406388928;60468.375440642296;48594.078253993786;40050.235694674935;40639.04769886109;49711.50901454795;67727.30561820336;-129955.63506551208;46735.329536834906;25271.329316059273;30913.669575890253;24227.569905229797;-187500.02235174447;
35521.012308718244;-187500.02235174447;35633.374528095075;49708.87150870222;60470.70002206565;48595.12878598318;40054.52722961036;40635.89610289289;49709.09502614677;67745.5893451678;-129943.5204200173;46732.513217033535;25271.128150359174;30899.49856990559;24218.897428381137;-187500.02235174447;
35526.22026517633;-187500.02235174447;35622.66804250098;49701.1825086096;60468.04016447547;48587.95387601303;40050.07923246375;40637.63953896041;49713.78889248239;67720.7342053335;-129993.07423747472;46738.458781058645;25268.691810213546;30892.144845979794;24231.32499829829;-187500.02235174447;
35524.20860817535;-187500.02235174447;35629.15004839302;49705.38463656719;60470.878836021286;48579.303750908824;40052.13559295364;40639.38297502792;49707.06101740134;67821.29470363793;-129899.37572471808;46732.91554843373;25267.95420264652;30933.02618658855;24225.78176567337;-187500.02235174447;
35502.66152652044;-187500.02235174447;35626.780763480754;49698.8802789307;60468.95658599813;48583.572934099786;40046.12297369516;40642.10988785147;49709.02797091341;67763.98483085452;-129982.85949025865;46737.52000779152;25270.412894536603;30901.800799584486;24234.61070473322;-187500.02235174447;
35509.59056730158;-187500.02235174447;35635.67675777397;49697.06978762982;60469.49302786506;48603.063655264814;40051.66620632008;40633.54916972508;49707.53040403491;67852.25186970853;-129888.08809376814;46737.36354558034;25266.791911934844;30927.550009197;24227.21227731851;-187500.02235174447;
35520.051183706666;-187500.02235174447;35633.016900183786;49701.96481966553;60472.1752371997;48595.50876563892;40051.88972376463;40642.579274485026;49707.731569735006;67745.67875214563;-130026.87007509114;46737.36354558034;25265.115531100695;30867.647334056775;24235.549478000343;-187500.02235174447;
35531.18235244541;-187500.02235174447;35642.874019488576;49713.587726782294;60484.46869665012;48613.14429201416;40066.5077646384;40648.25661757668;49718.236889629;67863.18187274717;-129888.66923912398;46747.622996285325;25276.649031239634;30928.64524467531;24235.549478000343;-187500.02235174447;
35536.23384669231;-187500.02235174447;35621.975138422866;49710.27966860291;60476.48912387957;48587.6185998462;40048.8051830298;40647.2954925651;49726.41762809964;67716.21915295353;-130061.31411329677;46748.785286997;25276.492569028447;30847.66487451373;24238.231687334977;-187500.02235174447;
35537.84317229309;-187500.02235174447;35619.874074444066;49699.14849986416;60467.21314993062;48573.67111130609;40042.92667423805;40633.43741100281;49717.74515125098;67822.47934609406;-129927.06953609819;46734.83779845689;25269.317659058295;30907.902825820784;24227.055815107324;-187500.02235174447;
35494.97252642781;-187500.02235174447;35648.2160864134;49707.48570054599;60475.90797852373;48604.51651865441;40050.95095049751;40649.37420479944;49725.74707576598;67657.65758248062;-130110.66676505409;46738.86111245884;25281.454656297527;30821.312167800927;24230.050948864337;-187500.02235174447;
35515.06674469313;-187500.02235174447;35649.98187422536;49714.146520393675;60481.54061812647;48619.022800805906;40056.963569755986;40651.72113796725;49736.61002357126;67816.3549681133;-129916.58656794866;46749.8358189864;25289.635394768167;30933.36146275538;24241.98678040347;-187500.02235174447;
35523.69451805288;-187500.02235174447;35640.43767934295;49712.87247095972;60480.8253623039;48606.774044844395;40054.10254646571;40656.25854209167;49733.65959330316;67664.02782965038;-130077.2509070934;46752.026289943016;25289.791856979355;30858.997208952573;24233.98485588847;-187500.02235174447;
35521.52639884072;-187500.02235174447;35646.89733349053;49710.90551744765;60474.790391300965;48605.65645762163;40051.129764453144;40647.45195477628;49721.29907861938;67778.15583683919;-129923.15798081852;46750.08168817541;25288.450752312037;30933.36146275538;24234.878925666682;-187500.02235174447;
35529.46126812235;-187500.02235174447;35635.49794381833;49702.38950281018;60468.844827275854;48593.653570849136;40043.70898529398;40648.41307978786;49713.76654073793;67595.18445672804;-130123.29550067133;46739.62107177032;25282.616947009203;30828.621188237812;24222.183134816067;-187500.02235174447;
35539.474849638325;-187500.02235174447;35633.910969962;49713.76654073793;60475.55035061245;48590.61373360321;40053.387290643135;40651.251751333686;49716.9851919395;67762.93429886512;-129931.0704983557;46744.180827639204;25277.878377184676;30946.7054541952;24230.922666898092;-187500.02235174447;
35516.87723599401;-187500.02235174447;35644.52804857827;49708.73739823549;60471.41527788821;48599.28621045187;40055.80127904431;40655.85621069148;49719.84621522978;67639.32915202728;-130066.52206975485;46744.896083461776;25283.689830743057;30872.72118004813;24226.117041840203;-187500.02235174447;
35516.765477271736;-187500.02235174447;35650.67477830348;49711.777235481415;60471.19176044366;48596.73811158397;40048.894590007614;40650.08946062201;49721.32143036383;67739.30850497587;-129925.90724538652;46745.00784218405;25279.152426618628;30952.248686820116;24234.85657392223;-187500.02235174447;
35530.735317556304;-187500.02235174447;35646.3161881347;49710.83846221429;60471.59409184386;48607.51165241142;40055.44365113302;40652.90578042338;49718.70627626256;67596.32439569526;-130052.90985738157;46740.20221712616;25280.985269663965;30874.97870623812;24227.79342267435;-187500.02235174447;
35535.22801819182;-187500.02235174447;35633.776859495265;49717.856909973256;60476.31030992393;48608.62923963419;40059.86929653517;40653.73279496823;49724.54008156539;67660.20568134853;-129946.33673981867;46748.98645269709;25276.917252173098;30938.03297734654;24234.141318099657;-187500.02235174447;
35517.726602283314;-187500.02235174447;35653.15582193802;49717.566337295335;60475.90797852373;48605.36588494371;40057.18708720054;40655.83385894702;49726.90936647766;67537.87458394463;-130050.56292421377;46749.6346532863;25282.125208631183;30873.838767270896;24226.139393584657;-187500.02235174447;
35530.400041389476;-187500.02235174447;35639.05187118672;49716.06877041683;60469.73889705407;48598.61565811821;40048.291092907326;40648.63659723241;49722.953107709065;67581.5498926103;-129969.31433311873;46746.6842230182;25271.396371292638;30936.513058723576;24232.37553028769;-187500.02235174447;
35557.06567252465;-187500.02235174447;35629.77589723777;49707.97743892401;60465.20149292964;48592.08894873726;40047.53113359584;40644.9932628862;49716.15817739465;67494.33338574569;-130030.24518850389;46738.592891525375;25271.37401954818;30885.215805198648;24212.370719000188;-187500.02235174447;
35516.51960808273;-187500.02235174447;35642.65050204402;49713.54302329338;60467.92840575319;48601.34257094176;40046.79352602882;40649.46361177726;49713.49831980447;67450.7698358023;-130043.2986072658;46742.39268808278;25268.982382891463;30888.859139544864;24224.194791817044;-187500.02235174447;
35500.15813114144;-187500.02235174447;35653.513449849306;49715.50997680545;60470.76707729901;48600.71672209701;40048.58166558524;40645.77557394213;49717.164005895145;67400.36665205559;-130051.45699399197;46741.945653193674;25273.25156608243;30876.5880318389;24218.36098651421;-187500.02235174447;
35515.62553830451;-187500.02235174447;35653.73696729386;49712.60425002626;60467.41431563072;48607.556355900335;40046.07827020625;40648.05545187658;49716.247584372475;67353.98678231082;-130067.5502499998;46744.53845555049;25271.508130014914;30891.273127946035;24224.708881939518;-187500.02235174447;
35535.65270133647;-187500.02235174447;35650.60772307011;49716.22523262802;60470.76707729901;48606.12584425519;40055.756575555395;40646.80375418708;49720.986154197;67366.05672431669;-130016.20829298596;46748.785286997;25276.693734728546;30912.283767734025;24219.41151850361;-187500.02235174447;
35536.50206762577;-187500.02235174447;35630.73702224935;49709.78793022489;60459.36768762681;48590.61373360321;40039.37274686965;40641.23816981771;49717.25341287296;67265.09389461207;-130103.29068938384;46745.588987539886;25271.44107478155;30881.706581319166;24223.099556338737;-187500.02235174447;
35529.64008207799;-187500.02235174447;35630.088821660145;49709.16208138014;60465.00032722954;48598.99563777395;40045.36301438368;40635.18084707032;49706.74809297897;67316.34644464808;-130009.70393534946;46735.173074623715;25261.651010710124;30917.73759338112;24204.994643329937;-187500.02235174447;
35517.83836100559;-187500.02235174447;35635.92262696298;49702.814185954834;60461.222882416594;48594.19001271606;40037.092868935215;40639.986472128214;49711.3302005923;67176.89391099142;-130142.16037299161;46743.64438577228;25263.506205499914;30855.800909495465;24217.198695802534;-187500.02235174447;
35515.580834815606;-187500.02235174447;35634.04508042873;49707.39629356817;60462.94396673966;48592.49128013746;40036.55642706829;40638.22068431624;49710.83846221429;67233.622638419;-130037.73302289643;46738.6822985032;25267.216595079495;30901.465523417657;24215.07528007928;-187500.02235174447;
35521.21347441834;-187500.02235174447;35636.503772318814;49701.1825086096;60456.59607131435;48584.44465213355;40033.49423807791;40646.46847802025;49712.29132560389;67074.0311830081;-130182.88525138919;46739.91164444824;25264.735551444955;30846.524935546513;24222.49605923844;-187500.02235174447;
35516.609015060545;-187500.02235174447;35636.302606618716;49701.36132256524;60459.72531553809;48590.010236502916;40040.91501723707;40639.58414072802;49710.100854647266;67141.1981750963;-130053.37924401513;46740.828065970905;25264.489682255946;30905.332375208425;24219.992663859448;-187500.02235174447;
35518.48656159479;-187500.02235174447;35634.04508042873;49706.30105808986;60468.15192319774;48597.1180912397;40041.6526248041;40650.76001295567;49720.76263675245;66973.09070504793;-130201.86188243174;46751.959234709655;25270.01056313641;30846.904915202253;24224.530067983877;-187500.02235174447;
35520.520570340224;-187500.02235174447;35634.9615019514;49703.95412492206;60462.25106266154;48603.778911087385;40039.66331954757;40641.32757679553;49718.81803498483;67072.0865812405;-130035.65431066208;46747.9359207077;25267.28365031286;30928.421727230758;24224.17244007259;-187500.02235174447;
35509.36704985703;-187500.02235174447;35633.12865890606;49710.01144766944;60467.43666737517;48592.312466181815;40038.635139302634;40648.68130072133;49718.32629660682;66892.46796279764;-130196.72098120702;46748.82999048591;25272.7151242155;30857.790214751985;24223.79246041685;-187500.02235174447;
35522.55457908566;-187500.02235174447;35643.432813099964;49711.50901454795;60471.5717400994;48596.916925539605;40044.87127600566;40644.85915241947;49718.907441962656;67006.05952811951;-130025.86424659066;46746.840685229385;25274.615022494203;30943.88913439383;24227.346387785245;-187500.02235174447;
35526.98022448781;-187500.02235174447;35636.95080720792;49709.27384010242;60469.49302786506;48598.79447207385;40041.49616259291;40650.02240538864;49722.886052475704;66798.81415352991;-130233.80252525838;46746.86303697384;25276.693734728546;30834.812621451933;24223.12190808319;-187500.02235174447;
35526.823762276625;-187500.02235174447;35652.597028326636;49711.71018024805;60471.05764997693;48602.54956514235;40045.58653182823;40648.21191408776;49722.01433444194;66890.32219532994;-130085.92338394206;46745.76780149553;25273.139807360152;30915.614177657866;24226.27350405139;-187500.02235174447;
35520.90054999597;-187500.02235174447;35637.487249074846;49704.714084233536;60464.68740280717;48595.531117383376;40038.59043581372;40643.16041984087;49719.7344565075;66711.66470189867;-130258.47885113703;46746.997147440576;25274.27974632737;30831.77278420601;24218.629207447673;-187500.02235174447;
35519.26887265073;-187500.02235174447;35635.16266765149;49705.831671456304;60467.190798186166;48614.395989703655;40046.01121497288;40640.120582594944;49718.12513090672;66811.48759263607;-130113.10310519971;46745.56663579543;25265.60726947871;30912.328471222936;24220.17147781509;-187500.02235174447;
35517.27956739421;-187500.02235174447;35630.222932126875;49704.69173248908;60467.48137086408;48599.509727896424;40046.1006219507;40639.070050605544;49718.10277916226;66658.26638439494;-130258.72472032605;46750.26050213105;25269.5635282473;30838.835935453888;24213.801230645327;-187500.02235174447;
35522.21930291883;-187500.02235174447;35627.630129770056;49702.4342062991;60463.34629813985;48599.88970755216;40044.290130649824;40631.98454761321;49718.30394486236;66716.2915130009;-130157.49366968796;46751.42279284272;25262.32156304378;30899.27505246104;24222.674873194086;-187500.02235174447;
35520.29705289567;-187500.02235174447;35642.024653199274;49705.58580226729;60471.661147077226;48592.35716967072;40045.29595915031;40641.81931517355;49715.30881110535;66605.94095062507;-130260.69167383811;46744.404345083756;25263.103874099717;30842.412214566735;24207.69920440903;-187500.02235174447;
35532.94814025738;-187500.02235174447;35638.51542931979;49708.335066835294;60475.72916456809;48599.375617429694;40042.65845330458;40642.6910332073;49723.377790853716;66645.39177958868;-130201.86188243174;46754.70849927765;25267.61892647969;30876.81154928345;24224.395957517143;-187500.02235174447;
35540.90536128347;-187500.02235174447;35626.9595774364;49705.09406388928;60470.43180113218;48601.610791875224;40043.28430214933;40638.28773954961;49722.01433444194;66573.08388627577;-130279.6012496473;46749.05350793046;25269.9658596475;30836.489002286078;24212.102498066724;-187500.02235174447;
35510.059953935146;-187500.02235174447;35623.293891345726;49706.234002856494;60471.90701626623;48604.78473958788;40045.139496939126;40639.360623283465;49723.243680386986;66642.93308769859;-130205.81814120033;46753.769726010534;25260.444016509537;30902.761924596063;24219.3668150147;-187500.02235174447;
35505.857825977546;-187500.02235174447;35642.181115410465;49706.032837156396;60471.795257543956;48610.86441407972;40044.82657251675;40637.50542849367;49723.98128795401;66608.33258728178;-130246.87829576473;46748.53941780799;25265.115531100695;30870.26248815805;24206.06752706379;-187500.02235174447;
35530.17652394492;-187500.02235174447;35625.64082451354;49696.19806959607;60464.665051062715;48597.56512612881;40035.88587473463;40633.28094879162;49717.74515125098;66629.54439276987;-130223.3866123422;46747.71240326314;25257.80651066381;30897.933947793717;24214.337672512254;-187500.02235174447;
35525.12502969802;-187500.02235174447;35634.93915020694;49691.79477593837;60461.11112369432;48591.95483827053;40035.72941252344;40627.76006791116;49709.542061035885;66608.04201460387;-130237.84819100478;46740.1798653817;25255.14665307363;30866.663857300744;24204.03351831836;-187500.02235174447;
35531.428221634415;-187500.02235174447;35620.32110933317;49688.486717758984;60459.74766728254;48580.6672073206;40031.571988054755;40628.49767547818;49709.966744180536;66573.03918278684;-130279.86947058076;46741.744487493575;25252.643257694635;30861.00886595355;24212.12484981118;-187500.02235174447;
35487.61880250202;-187500.02235174447;35630.93818794945;49697.98620915249;60464.44153361816;48599.08504475177;40042.25612190439;40626.642480688395;49704.423511555615;66624.64936073415;-130216.36816458324;46736.24595835757;25255.593687962733;30882.57829935292;24200.859570605706;-187500.02235174447;
35501.54393929767;-187500.02235174447;35626.87017045858;49695.81808994032;60464.799161529445;48598.61565811821;40039.462153847475;40629.88348363441;49714.280630860405;66544.67481907306;-130309.15025581722;46742.21387412714;25255.32546702927;30846.659046013243;24209.93437885456;-187500.02235174447;
35512.51864582523;-187500.02235174447;35630.73702224935;49697.76269170793;60464.75445804054;48594.122957482694;40041.16088642608;40625.92722486582;49712.44778781507;66598.00608134342;-130245.47013586405;46739.799885725966;25257.650048452622;30864.67455204422;24202.69241365104;-187500.02235174447;
35526.890817509986;-187500.02235174447;35627.65248151452;49686.63152296919;60458.27245214849;48586.25514343443;40041.22794165945;40626.86599813295;49710.45848255855;66520.17730715005;-130356.84887848485;46740.02340317052;25251.771539660876;30841.652255255256;24211.27548352188;-187500.02235174447;
35552.26004746676;-187500.02235174447;35621.7069174894;49692.062996871835;60463.59216732886;48587.93152426858;40044.714813794475;40624.07203007604;49712.26897385943;66642.3295905983;-130219.94444369609;46738.6822985032;25253.246754794927;30903.41012518527;24209.21912303199;-187500.02235174447;
35514.373840615015;-187500.02235174447;35639.49890607582;49698.6791132306;60470.0741732209;48603.30952445383;40043.798392271805;40639.13710583891;49718.39335184018;66516.8468972262;-130368.44943385714;46745.61133928435;25260.33225778726;30843.306284344948;24218.338634769756;-187500.02235174447;
35515.69259353788;-187500.02235174447;35622.22100761187;49702.36715106573;60471.370574399305;48613.25605073644;40045.206552172494;40631.55986446856;49722.01433444194;66663.40728561966;-130200.07374287532;46752.20510389866;25266.389580534647;30924.800744628996;24224.105384839226;-187500.02235174447;
35506.21545388883;-187500.02235174447;35631.31816760518;49698.52265101942;60470.945891254654;48598.92858254058;40041.987900970926;40638.734774438715;49721.70141001957;66534.81769976827;-130384.76620730951;46751.802772498464;25263.036818866352;30833.29270282897;24218.40569000312;-187500.02235174447;
35509.79173300168;-187500.02235174447;35651.39003412605;49698.29913357486;60473.024603489;48608.36101870072;40047.240560917926;40637.885408149414;49723.95893620956;66705.07093728434;-130218.2904146064;46755.71432777814;25267.70833345751;30917.69288989221;24223.256018549924;-187500.02235174447;
35530.57885534511;-187500.02235174447;35650.428909114475;49703.68590398859;60478.81370530292;48611.49026292447;40047.21820917347;40650.78236470013;49729.949203723576;66587.67957540507;-130370.77401528049;46761.6375400588;25274.749132960933;30853.096348416373;24220.819678404296;-187500.02235174447;
35539.407794404964;-187500.02235174447;35650.272446903284;49707.150424379164;60480.75830707054;48616.60881240473;40053.655511576595;40648.74835595469;49738.21934917204;66711.24001875402;-130211.69664999208;46772.03110123052;25278.168949862596;30933.249704033104;24228.598085474743;-187500.02235174447;
35524.722698297825;-187500.02235174447;35641.15293516552;49707.10572089026;60478.992519258565;48612.18316700258;40048.87223826316;40648.033100132125;49737.481741605014;66546.59706909623;-130388.2307277001;46772.16521169725;25278.8171504518;30848.424833825215;24227.972236629994;-187500.02235174447;
35524.40977387545;-187500.02235174447;35635.05090892922;49706.658686001145;60476.466772135114;48608.91981231211;40045.273607405856;40640.90289365088;49733.03374445841;66670.24691942298;-130235.00951945897;46770.71234830766;25271.99986839293;30926.722994652155;24232.35317854323;-187500.02235174447;
35525.46030586485;-187500.02235174447;35634.60387404011;49698.50029927496;60472.30934766643;48614.5748036593;40048.15698244059;40642.713384951756;49732.9890409695;66541.88085101615;-130381.90518401924;46773.68513032021;25275.307926572317;30852.023464682516;24223.524239483388;-187500.02235174447;
35538.290207182195;-187500.02235174447;35641.30939737671;49701.137805120685;60472.95754825563;48607.846928578256;40049.90041850811;40641.260521562166;49734.73247703701;66666.51417809894;-130240.2398276615;46779.16130771176;25270.18937709205;30927.371195241358;24231.772033187393;-187500.02235174447;
35546.51564914175;-187500.02235174447;35642.42698459947;49698.81322369733;60478.61253960282;48611.49026292447;40052.604979587195;40646.15555359788;49730.19507291259;66565.95367979452;-130372.85272751484;46773.46161287566;25271.888109670654;30852.5822582939;24221.71374818251;-187500.02235174447;
35525.79558203168;-187500.02235174447;35641.37645261007;49704.848194700266;60475.46094363463;48614.10541702574;40050.07923246375;40646.826105931534;49737.280575904915;66683.88148354071;-130254.746109813;46786.64914210429;25272.916289915596;30925.448945218202;24233.761338443917;-187500.02235174447;
35512.65275629196;-187500.02235174447;35629.88765596005;49698.612057997234;60468.28603366447;48609.56801290131;40045.49712485041;40639.002995372175;49729.34570662329;66637.2780963514;-130337.15699161972;46775.383862898816;25271.6645922261;30876.520976605534;24220.64086444865;-187500.02235174447;
35517.79365751668;-187500.02235174447;35638.49307757534;49695.50516551795;60470.23063543208;48619.089856039274;40046.54765683981;40636.74546918219;49728.406933356164;66731.4012922527;-130266.86075530777;46778.46840363365;25267.08248461276;30915.994157313606;24230.833259920273;-187500.02235174447;
35521.571102329624;-187500.02235174447;35636.21319964089;49699.34966556426;60468.8224755314;48606.774044844395;40039.41745035857;40636.141972081896;49726.95406996657;66690.67641385514;-130336.79936370843;46777.17200245524;25272.826882937778;30863.66872354373;24217.109288824715;-187500.02235174447;
35533.238712935294;-187500.02235174447;35645.48917358985;49698.94733416407;60471.795257543956;48611.64672513565;40036.55642706829;40644.21095183027;49723.75777050946;66729.00965559598;-130317.33099428785;46776.50145012158;25272.24573758194;30884.344087164893;24223.770108672394;-187500.02235174447;
35547.029739264224;-187500.02235174447;35642.739909021846;49700.713121976034;60473.538693611474;48607.15402450014;40042.21141841548;40642.579274485026;49725.70237227707;66718.5490391909;-130340.08507014337;46776.63556058831;25277.230176595473;30861.947639220674;24219.79149815935;-187500.02235174447;
35539.31838742714;-187500.02235174447;35641.28704563225;49700.243735342476;60475.66210933473;48616.09472228226;40048.8051830298;40648.9942251437;49728.71985777854;66737.83859465583;-130333.46895378458;46784.391615914305;25271.083446870263;30887.24981394408;24229.13452734167;-187500.02235174447;
35536.613826348046;-187500.02235174447;35630.915836204986;49703.84236619978;60479.03722274747;48619.76040837293;40049.22986617445;40645.149725097384;49731.960860724554;66794.03088021647;-130302.5564912029;46784.12339498084;25271.061095125806;30885.01463949855;24219.389166759156;-187500.02235174447;
35544.302826440675;-187500.02235174447;35630.9605396939;49688.82199392581;60466.29672840795;48603.95772504303;40038.05399394679;40636.834876160014;49724.495378076484;66768.2593188595;-130367.62241931229;46780.70357807918;25263.8638334112;30861.612363053846;24222.965445872003;-187500.02235174447;
35532.52345711273;-187500.02235174447;35637.66606303049;49696.93567716309;60467.63783307527;48607.10932101123;40037.07051719076;40633.45976274726;49715.86760471673;66871.032639865;-130270.03470302043;46776.3896913993;25266.94837414603;30902.4937036626;24213.01891958939;-187500.02235174447;
35529.57302684463;-187500.02235174447;35635.29677811823;49694.231116083996;60466.81081853042;48595.4193586611;40028.129819408634;40636.767820926645;49712.60425002626;66809.43123214618;-130362.90620123222;46777.50727862207;25260.131092087162;30862.64054329879;24215.54466671284;-187500.02235174447;
35530.15417220046;-187500.02235174447;35625.66317625799;49691.48185151599;60466.274376663496;48604.22594597649;40040.1997614145;40631.13518132391;49710.79375872538;66893.1385151313;-130276.40495019019;46779.96597051215;25262.276859554873;30885.774598810032;24213.44360273404;-187500.02235174447;
35533.46223037985;-187500.02235174447;35619.53879827724;49687.570296236314;60462.20635917263;48597.16279472862;40029.35916535368;40638.42185001634;49708.11154939074;66765.80062696942;-130429.84967587587;46782.73758682461;25255.75015017392;30819.635786966777;24215.164687057102;-187500.02235174447;
35543.118183984545;-187500.02235174447;35629.239455370844;49682.138822333676;60460.10529519383;48603.33187619828;40036.82464800175;40633.03507960261;49707.35159007926;66881.09092486989;-130267.95599078608;46786.269162448545;25256.17483331857;30898.06805826045;24214.56118995681;-187500.02235174447;
35555.65751262397;-187500.02235174447;35630.1111734046;49685.692749702066;60460.35116438284;48589.719663824995;40034.298900878304;40638.935940138814;49707.59745926827;66722.43824272612;-130423.59118742839;46788.34787468289;25256.688923441045;30829.53760976048;24217.64573069164;-187500.02235174447;
35535.16096295846;-187500.02235174447;35634.02272868428;49692.197107338565;60470.29769066545;48612.317277469316;40043.19489517152;40639.24886456119;49708.08919764629;66865.84703515137;-130257.2942086809;46791.87945030683;25258.879394397663;30910.58503515542;24216.058756835315;-187500.02235174447;
35527.315500654644;-187500.02235174447;35643.1645921665;49690.07369161531;60468.95658599813;48612.6749053806;40035.08121193424;40644.255655319175;49714.81707272733;66694.69972785708;-130443.2383708046;46796.26039222007;25263.37209503318;30821.043946867463;24218.137469069658;-187500.02235174447;
35557.75857660277;-187500.02235174447;35649.646598058534;49700.869584187225;60474.74568781206;48620.542719428864;40039.9985957144;40645.03796637511;49712.470139559526;66792.30979589341;-130293.66049690968;46796.327447453434;25265.160234589606;30891.742514579597;24218.092765580746;-187500.02235174447;
35540.12305022753;-187500.02235174447;35636.235551385354;49689.71606370402;60471.81760928841;48612.2725739804;40039.39509861411;40653.77749845714;49728.16106416715;66601.04591858934;-130473.77085373054;46804.530537668536;25267.57422299078;30806.15768506023;24220.730271426473;-187500.02235174447;
35527.15903844345;-187500.02235174447;35628.16657163698;49683.41287176763;60468.68836506467;48605.07531226579;40033.13661016663;40644.47917276373;49729.97155546803;66677.62299509323;-130306.95978486059;46807.3468574699;25262.8133014218;30894.6929448477;24223.50188773893;-187500.02235174447;
35514.306785381654;-187500.02235174447;35610.84396968412;49671.47704022849;60459.770019027004;48598.816823818306;40031.81785724376;40643.495696007696;49729.1892444121;66441.11918701163;-130472.76502523007;46810.23023250464;25263.349743288727;30809.398688006248;24215.87994287967;-187500.02235174447;
35479.23689833128;-187500.02235174447;35609.7040307169;49659.74237438946;60443.20737638562;48579.28139916437;40021.40194432759;40629.03411734511;49722.61783154224;66466.91310011304;-130334.00539565152;46816.6004796744;25261.248679309927;30881.907747019264;24219.322111525787;-187500.02235174447;
35446.82686887108;-187500.02235174447;35585.966478105365;49642.73269685897;60430.04219890144;48565.15509666862;40016.23869135841;40626.32955626602;49708.31271509084;66224.93311463989;-130511.52295011557;46805.424607446745;25255.683094940556;30788.388048218258;24200.770163627883;-187500.02235174447;
35429.57132215158;-187500.02235174447;35580.937335602925;49629.545167630335;60418.463995273596;48549.68768950555;40006.06864763125;40614.21491077124;49706.8822034457;66258.61719353404;-130384.9226695207;46813.58299417293;25248.485833225946;30867.736741034598;24209.50969570991;-187500.02235174447;
35418.395449923926;-187500.02235174447;35563.36886446105;49617.40817039111;60410.88675390324;48547.631329015654;39998.13377834961;40611.823274114526;49696.19806959607;66077.81393263506;-130509.89127277033;46808.95618307069;25248.57524020377;30794.400667476737;24192.991756557436;-187500.02235174447;
35376.06124592558;-187500.02235174447;35552.684730611414;49610.72499879897;60403.80125091091;48542.22220685747;39994.177519581026;40609.588099668996;49696.68980797408;66111.2074388513;-130399.09367550537;46822.79191288852;25242.719083156477;30866.10506368936;24199.74198338294;-187500.02235174447;
35383.32556287355;-187500.02235174447;35557.11037601357;49605.517042340885;60400.11321307578;48545.46320980349;39994.35633353667;40601.63087864291;49693.35939805024;65989.9715769257;-130471.24510660711;46829.340974013925;25242.89789711212;30824.083784113383;24186.018012287383;-187500.02235174447;
35357.44224279431;-187500.02235174447;35539.65366359397;49582.96413218548;60379.035518054436;48517.47882574545;39973.59156293769;40586.141119735374;49679.680130443594;65962.23306205668;-130444.89239989429;46838.68400319624;25226.290550981827;30839.305322087446;24183.984003541947;-187500.02235174447;
35345.64052172191;-187500.02235174447;35542.5370386287;49584.08171940824;60376.12979127524;48516.674162945055;39967.84716461267;40584.688256345784;49653.68505164207;65876.04473543701;-130484.4996910691;46839.04163110753;25219.585027645237;30807.09645832735;24159.888823019126;-187500.02235174447;
35355.0953096265;-187500.02235174447;35531.003538489764;49579.09728039471;60370.0501167834;48514.1037123327;39964.49440294438;40581.84958479996;49654.78028712038;65806.62021715882;-130498.8048075205;46853.03382313655;25212.36541418617;30805.71065017112;24169.16479696808;-187500.02235174447;
35388.689981542826;-187500.02235174447;35530.13182045601;49578.27026584987;60372.03942203992;48519.15520657959;39966.59546692318;40577.759215564634;49648.63355739517;65757.17815842369;-130491.16051091679;46858.55470401701;25202.910626281577;30796.926414600184;24152.557450837787;-187500.02235174447;
35372.70848425728;-187500.02235174447;35526.24261692078;49579.007873416886;60373.626395896245;48526.3524682942;39963.265056999335;40579.435596398784;49648.231225994976;65701.54466647442;-130498.29071739802;46871.071680911984;25190.192483686507;30807.677603683187;24153.183299682536;-187500.02235174447;
35402.21278693829;-187500.02235174447;35538.98311126031;49590.116690411174;60380.51073318848;48522.262099058884;39964.78497562229;40578.250953942654;49649.77349636239;65662.98790728902;-130473.23441186362;46883.90158222933;25195.17692270004;30798.28987101196;24141.202764654492;-187500.02235174447;
35415.176798722365;-187500.02235174447;35532.43405013491;49592.28480962334;60383.81879136787;48529.9063956626;39967.26601925684;40589.33741919249;49652.79098186386;65550.78215012338;-130536.19927599422;46904.15226270584;25191.913568009564;30785.19174876115;24147.707122290984;-187500.02235174447;
35431.113592518996;-187500.02235174447;35552.50591665577;49606.81344351929;60393.34063450583;48545.17263712557;39977.10078681717;40594.52302390612;49658.6694906556;65532.09609175874;-130476.98950493212;46920.24551871366;25198.350870412694;30796.14410354425;24142.230944899435;-187500.02235174447;
35445.26224675921;-187500.02235174447;35540.79360256119;49608.5568795868;60394.83820138434;48544.479733047454;39972.183403037;40596.55703265155;49666.11262155922;65356.54549080676;-130606.85314021746;46943.066649802524;25195.266329677863;30750.971228000075;24154.770273538863;-187500.02235174447;
35483.416674544416;-187500.02235174447;35558.85381208108;49619.39747564763;60405.70114918961;48558.42722158757;39981.70524617496;40596.84760532947;49666.11262155922;65408.60270364317;-130476.78833923202;46955.62833018641;25193.12056221015;30815.21014156463;24145.15902342308;-187500.02235174447;
35493.36320082703;-187500.02235174447;35541.17358221693;49613.8095395338;60401.29785553192;48552.70517500701;39971.57990593671;40598.45693093025;49668.437202982575;65187.56630272464;-130664.90062056789;46970.71575769374;25189.007841230374;30727.010157943983;24143.97438096695;-187500.02235174447;
35490.345715325566;-187500.02235174447;35550.62837012153;49619.084551225256;60405.298817789415;48551.65464301761;39974.2844670158;40598.79220709708;49664.860923869725;65267.76436183028;-130516.64149959583;46978.605923486466;25190.550111597793;30806.314147271416;24139.414625098067;-187500.02235174447;
35496.09011365058;-187500.02235174447;35555.076367268135;49621.364429159694;60407.15401257921;48538.15418936661;39972.45162397047;40606.28004148961;49667.029043081886;65076.27696708166;-130683.05023706559;46989.96060966976;25191.46653312046;30738.27543714946;24139.749901264895;-187500.02235174447;
35501.56629104212;-187500.02235174447;35552.86354456706;49625.29833618383;60408.740986435536;48565.28920713535;39977.90544961756;40598.92631756381;49667.386670993175;65158.79960761066;-130527.4597439122;47004.2433743767;25189.253710419383;30812.66204269672;24138.945238464505;-187500.02235174447;
35540.01129150525;-187500.02235174447;35542.04530025069;49623.554900116316;60402.68366368815;48555.27562561937;39966.90839134555;40599.68627687529;49665.8220488813;64976.76700076664;-130690.76158890268;47005.74094125521;25184.93982373951;30742.41050987369;24135.5477733073;-187500.02235174447;
35549.17550673193;-187500.02235174447;35556.48452716882;49630.126312986176;60411.870230659275;48555.119163408184;39974.39622573808;40602.41318969884;49664.68210991408;65087.51989454269;-130509.64540358132;47012.66998203635;25182.995221971898;30827.749470204053;24134.36313085117;-187500.02235174447;
35546.69446309739;-187500.02235174447;35562.63125689403;49635.31191769981;60420.09567261883;48563.590474556746;39975.24559202738;40614.63959391589;49671.700557673044;64868.69631632523;-130709.29118505612;47024.53875834212;25190.684222064523;30722.69627126411;24133.223191883946;-187500.02235174447;
35564.55350691718;-187500.02235174447;35561.93835281591;49645.92899631608;60429.10342563432;48585.65164633413;39984.56626946524;40620.00401258517;49681.46827000002;64978.353974622965;-130534.54524690453;47040.52025562766;25191.8465127762;30818.764068933022;24141.71685477696;-187500.02235174447;
35578.99273383531;-187500.02235174447;35567.81686160766;49648.05241203933;60433.37260882528;48570.58657057126;39981.10174907467;40630.26346329015;49684.19518282356;64791.068707831946;-130702.2503855527;47054.28893021213;25196.093344222707;30738.07427144936;24136.710064018975;-187500.02235174447;
35576.62344892305;-187500.02235174447;35573.60596342158;49651.226359751985;60437.08299840486;48580.53309685387;39987.62845845562;40630.39757375688;49686.609171224736;64861.543758099535;-130574.01842761261;47064.302511728114;25199.200236701996;30807.498789727546;24148.176508924545;-187500.02235174447;
35603.75846669179;-187500.02235174447;35564.709969128366;49645.3702027047;60438.62526877228;48589.85377429173;39986.24265029939;40631.96219586876;49691.39244453817;64713.93283771668;-130709.82762692306;47068.906971085904;25198.373222157148;30740.443556361624;24139.749901264895;-187500.02235174447;
35629.731193748856;-187500.02235174447;35561.96070456037;49654.46736269801;60443.36383859681;48577.82853577477;39989.81892941224;40635.56082672606;49696.5780492518;64794.15324856678;-130588.99409639766;47084.016750337694;25197.210931445472;30811.29858628495;24152.468043859964;-187500.02235174447;
35611.693335973425;-187500.02235174447;35566.743977873804;49654.73558363147;60444.950812453135;48592.468928393;39985.59444971019;40639.51708549465;49695.281648073396;64674.68317445317;-130699.5011209847;47085.111985816;25200.384879158126;30748.22196343207;24143.527346077844;-187500.02235174447;
35586.167643805464;-187500.02235174447;35582.21138503688;49665.66558667011;60448.01300144351;48589.920829525094;39982.57696420872;40645.507353008674;49700.243735342476;64745.1805764652;-130591.85511968794;47093.69505568684;25197.7473733124;30822.317996301415;24151.082235703736;-187500.02235174447;
35631.78755423875;-187500.02235174447;35569.80616686418;49656.79194412136;60445.12962640877;48589.20557370253;39983.98512410941;40642.512219251665;49696.68980797408;64662.90380512522;-130655.35642568546;47094.723235931786;25196.003937244885;30773.814710833398;24132.507936061378;-187500.02235174447;
35630.9605396939;-187500.02235174447;35586.257050783286;49667.96781634901;60454.4726555911;48603.89066980966;39991.29414454629;40654.71627172426;49705.38463656719;64660.24394753503;-130634.52459985312;47113.94573616335;25197.881483779132;30793.283080253972;24148.511785091378;-187500.02235174447;
35643.075185188674;-187500.02235174447;35583.97717284884;49673.48869722947;60453.80210325743;48591.35134117024;39986.22029855494;40652.05641413408;49707.64216275718;64597.21202817107;-130684.90543185538;47117.723180976296;25204.452896648992;30755.843908291332;24143.616753055663;-187500.02235174447;
35654.29576090524;-187500.02235174447;35567.794509863204;49668.81718263831;60454.4726555911;48585.80810854532;39986.555574721766;40651.162344355864;49706.79279646788;64581.99049019701;-130688.30289701259;47126.70858224733;25195.065163977764;30777.547452157432;24151.193994426012;-187500.02235174447;
35646.9643887239;-187500.02235174447;35567.146309273994;49673.93573211858;60454.96439396911;48590.99371325895;39983.22516479792;40647.00491988718;49704.93760167809;64595.06626070336;-130662.71014961126;47127.96027993683;25195.199274444494;30781.32489697038;24138.87818323114;-187500.02235174447;
35651.63590331506;-187500.02235174447;35576.46698671186;49671.54409546186;60454.182082913176;48593.85473654923;39979.49242347389;40653.01753914566;49703.70825573305;64548.23935606949;-130720.98114740624;47132.408277083436;25192.740582554412;30765.343399684836;24141.06865418776;-187500.02235174447;
35685.18587174248;-187500.02235174447;35570.96845757586;49666.64906342615;60450.20347240013;48581.673035821084;39973.30099025977;40640.18763782831;49697.6285812412;64586.70670827707;-130678.40107421888;47128.11674214801;25197.345041912205;30771.04309452094;24126.003578424883;-187500.02235174447;
35663.12469996508;-187500.02235174447;35579.462120468874;49672.03583383988;60455.16555966921;48580.30957940932;39976.5866966947;40651.47526877824;49698.634409741695;64513.70591088604;-130771.5184416197;47140.25373938725;25196.60743434518;30743.61750407428;24135.883049474127;-187500.02235174447;
35669.13731922356;-187500.02235174447;35589.22983279584;49683.43522351208;60465.20149292964;48595.888745294666;39985.46033924346;40654.604513001985;49705.92107843412;64593.18871416912;-130687.095902812;47150.69200404787;25207.671547850558;30776.251050979026;24133.11143316167;-187500.02235174447;
35681.96722054091;-187500.02235174447;35579.7973966357;49676.886162386676;60458.786542270966;48599.24150696296;39976.87726937262;40660.415966560366;49706.30105808986;64480.71473607001;-130827.7330789248;47159.05155647416;25205.883408294132;30722.048070674908;24137.40296809709;-187500.02235174447;
35698.08282829318;-187500.02235174447;35565.78285286223;49674.20395305204;60457.98187947058;48599.6214866187;39979.49242347389;40650.2459228332;49701.22721209851;64602.241170673515;-130698.29412678411;47158.1798384404;25201.27894893634;30784.543548171947;24131.323293605245;-187500.02235174447;
35714.51136046783;-187500.02235174447;35569.247373252794;49679.25544729894;60454.78558001347;48580.68955906505;39973.09982455967;40656.280893836134;49699.30496207535;64505.79339334887;-130829.09653533656;47166.919370522424;25198.7979053018;30731.525210323958;24130.563334293765;-187500.02235174447;
35689.27624097779;-187500.02235174447;35582.390198992514;49682.8764299007;60458.00423121503;48593.228887704485;39974.64209492708;40654.20218160179;49699.953162664555;64643.59189791583;-130681.61972542045;47174.51896363723;25201.725983825447;30797.10522855583;24125.623598769143;-187500.02235174447;
35714.041973834275;-187500.02235174447;35580.579707691635;49683.457575256536;60461.58051032788;48587.37273065719;39975.15618504956;40661.8464782055;49701.629543498704;64515.60580916474;-130827.62132020251;47185.65013237597;25199.446105891002;30732.32987312435;24127.456441814476;-187500.02235174447;
35729.64349146408;-187500.02235174447;35571.72841688734;49687.68205495859;60459.50179809354;48591.127823725685;39977.39135949509;40654.85038219099;49705.25052610046;64648.48692995154;-130659.0891670095;47199.35175172708;25199.8484372912;30807.789362405463;24131.479755816432;-187500.02235174447;
35737.01956713433;-187500.02235174447;35575.17058553345;49689.31373230383;60459.01005971552;48587.93152426858;39964.874382600115;40657.30907408107;49705.29522958938;64470.63409932067;-130844.89921866647;47214.93091761243;25195.13221921113;30708.614672257267;24119.208648110467;-187500.02235174447;
35722.60269196066;-187500.02235174447;35584.33480076013;49707.79862496837;60475.95268201264;48604.44946342104;39986.555574721766;40671.9494666993;49709.89968894717;64630.65023787621;-130653.4341756623;47249.37495581806;25200.94367276951;30805.75535366003;24122.606113267677;-187500.02235174447;
35748.75423297337;-187500.02235174447;35591.71087643038;49703.104758632755;60476.91380702422;48620.94505082906;39990.15420557907;40680.3537226145;49724.22715714302;64486.816762306305;-130818.9264916094;47300.35928492061;25208.342100184214;30723.433878831136;24133.044377928305;-187500.02235174447;
35751.861125452655;-187500.02235174447;35591.44265549692;49703.75295922196;60475.148019212254;48610.14915825715;39989.01426661185;40675.41398708987;49728.74220952299;64640.686171136644;-130639.79961154457;47332.5234451918;25202.93297802603;30825.022557380507;24139.772253009352;-187500.02235174447;
35739.67942472451;-187500.02235174447;35588.11224557307;49706.8822034457;60479.52896112549;48608.91981231211;39982.66637118654;40683.86294649398;49721.50024431947;64511.11310852923;-130806.38716296997;47346.06860233171;25200.608396602678;30729.64766378971;24124.371901079645;-187500.02235174447;
35749.15656437356;-187500.02235174447;35600.74098119033;49711.68782850359;60482.38998441577;48613.85954783673;39986.73438867741;40682.85711799349;49725.59061355479;64655.79595038843;-130671.67319913783;47370.70022472146;25201.055431491786;30806.58236820488;24135.324255862746;-187500.02235174447;
35773.09528268519;-187500.02235174447;35593.320202031166;49708.08919764629;60484.20047571665;48613.94895481455;39984.49921423188;40685.40521686139;49727.64697404468;64579.21887388455;-130797.96055531032;47381.831393460205;25205.27991119384;30735.682634792644;24122.695520245496;-187500.02235174447;
35761.427672079524;-187500.02235174447;35574.634143666524;49703.44003479958;60479.417202403216;48614.5748036593;39976.67610367252;40680.890164481425;49723.48954957599;64701.90759919973;-130703.81500766457;47388.78278598581;25193.50054186589;30786.689315639655;24126.852944714185;-187500.02235174447;
35790.82021603826;-187500.02235174447;35572.08604479862;49702.478909788006;60477.78552505798;48602.41545467561;39978.71011241795;40679.72787376975;49719.84621522978;64673.69969769713;-130781.75554058023;47391.53205055381;25194.55107385529;30729.93823646763;24112.458421284966;-187500.02235174447;
35766.613276793156;-187500.02235174447;35583.61954493756;49696.15336610715;60473.38223140028;48606.86345182222;39978.19602229548;40676.24100163472;49715.9346599501;64780.04929781548;-130696.28246978314;47400.00336170237;25185.833893517723;30785.549376672436;24118.940427177004;-187500.02235174447;
35785.969887491454;-187500.02235174447;35579.260954768775;49704.64702900017;60482.88172279379;48608.36101870072;39985.41563575454;40678.27501038015;49716.76167449495;64787.13480080781;-130718.76832470518;47404.47371059343;25191.064201720263;30759.107262981805;24107.87631367163;-187500.02235174447;
35770.92716347303;-187500.02235174447;35585.00535309379;49703.84236619978;60486.86033330683;48617.43582694958;39983.71690317594;40683.08063543805;49723.40014259817;64864.807112790004;-130701.89275764141;47422.511568368864;25193.098210465698;30769.120844497782;24123.25431385688;-187500.02235174447;
35793.92710851754;-187500.02235174447;35595.1530450765;49711.50901454795;60485.31806293942;48616.54175717137;39981.81700489724;40684.935830227834;49720.852043730265;64934.589258979475;-130723.7080602298;47424.18794920301;25200.608396602678;30743.684559307643;24110.58087475072;-187500.02235174447;
35814.647175627615;-187500.02235174447;35570.90140234249;49708.37977032421;60484.06636524992;48622.66613515212;39985.79561541029;40687.26041165119;49720.38265709671;65011.23339071672;-130738.9072464594;47430.6476033506;25197.65796633458;30758.503765881513;24118.180467865524;-187500.02235174447;
35788.428579381536;-187500.02235174447;35599.77985617875;49719.801511740865;60490.61542637533;48634.333745757795;39990.4894817459;40687.595687818015;49725.121226921234;65110.81041226511;-130718.07542062705;47439.56594938826;25202.46359139247;30752.558201856402;24112.5925317517;-187500.02235174447;
35831.09805954672;-187500.02235174447;35571.57195467615;49705.831671456304;60477.58435935788;48605.85762332173;39975.782033894306;40680.30901912558;49723.78012225391;65168.54496819317;-130762.82361302659;47448.037260536825;25199.982547757932;30749.36190239929;24119.16394462156;-187500.02235174447;
35802.688992344025;-187500.02235174447;35580.66911466946;49704.49056678898;60481.227693704095;48622.934356085585;39978.33013276221;40680.5548883146;49709.6314680137;65371.34234563618;-130675.18242301732;47437.755458087384;25189.879559264133;30779.313239969404;24096.54397923279;-187500.02235174447;
35791.08843697172;-187500.02235174447;35590.23566129633;49716.60521228376;60489.341376941375;48624.76719913092;39978.62070544013;40695.374094888466;49724.58478505431;65415.643503146595;-130769.26091542971;47457.469696696964;25196.518027367358;30743.975131985564;24105.551732248277;-187500.02235174447;
35824.95132982151;-187500.02235174447;35579.596230935604;49720.092084418786;60488.80493507445;48624.49897819746;39981.168804308036;40688.71327504078;49720.20384314106;65586.8355139298;-130688.36995224595;47458.22965600844;25194.08168722173;30766.170414229684;24101.2378455684;-187500.02235174447;
35809.819198825266;-187500.02235174447;35580.646762925004;49713.1853953821;60484.088716994374;48625.43775146458;39970.90935360305;40691.88722275344;49719.57799429631;65561.51098746192;-130827.55426496915;47463.99640607792;25186.280928406828;30708.45821004608;24105.35056654818;-187500.02235174447;
35835.63546367115;-187500.02235174447;35583.35132400409;49714.705314005056;60487.28501645148;48635.4289812361;39975.714978660944;40688.42270236286;49717.67809601761;65788.3811936833;-130671.47203343775;47462.29767349931;25183.352849883184;30783.56007141591;24099.58381647871;-187500.02235174447;
35850.365263267195;-187500.02235174447;35578.45629196838;49715.24175587198;60492.04593802046;48645.71078368554;39983.67219968703;40697.855138523;49724.71889552104;65758.60867006883;-130805.4260379584;47473.07121432677;25185.968003984453;30725.333777109838;24105.48467701491;-187500.02235174447;
35835.07667005977;-187500.02235174447;35596.605908466096;49729.099837434274;60502.23833349208;48661.82639143782;39992.81406316925;40704.24773743722;49737.41468637165;65968.91623364881;-130648.00270175967;47486.4599092555;25189.209006930472;30795.09357155485;24111.027909639826;-187500.02235174447;
35840.75401315141;-187500.02235174447;35586.033533338734;49721.32143036383;60494.996368288565;48655.47849601251;39977.01137983935;40704.11362697049;49738.42051487214;65898.59764559241;-130809.15877928243;47485.67759819956;25187.018535973853;30719.902303207196;24109.329177061223;-187500.02235174447;
35847.75010916592;-187500.02235174447;35578.56805069066;49713.587726782294;60493.20822873214;48649.845856409775;39974.8879641161;40694.81530127708;49727.714029278046;66118.98584592174;-130627.12617243841;47476.04399633932;25176.17793991303;30809.644557195254;24105.551732248277;-187500.02235174447;
35846.297245776324;-187500.02235174447;35578.88097511303;49715.80054948337;60499.28790322399;48659.4347547811;39973.412748982046;40699.844443779526;49729.680982790116;66020.83933601849;-130800.88863383397;47474.948760861014;25173.339268367206;30715.968396183063;24098.95796763396;-187500.02235174447;
35866.07853961927;-187500.02235174447;35589.76627466277;49721.276726874916;60506.4851649386;48668.4872112855;39983.87336538713;40702.88428102544;49738.264052660954;66204.25775101874;-130655.42348091883;47485.14115633263;25178.7930940143;30783.984754560563;24104.568255492242;-187500.02235174447;
35868.112548364705;-187500.02235174447;35595.756542176794;49735.62654681523;60520.87968836781;48679.37251083524;39991.40590326857;40720.07277251158;49748.16587545465;66143.08102644456;-130797.69233437686;47495.60177273772;25185.65507956208;30715.543713038413;24108.546866005287;-187500.02235174447;
35859.41771977159;-187500.02235174447;35604.94310914792;49744.008450985966;60526.69114192619;48701.03135121243;40006.35922030917;40723.98432779126;49763.74504134;66323.66076989898;-130663.17953624482;47506.86705194319;25189.901911008586;30781.637821392756;24126.405909825076;-187500.02235174447;
35879.22136535899;-187500.02235174447;35598.01406836678;49736.990003227;60523.69600816918;48697.09744418829;40001.441836529;40722.419705679386;49767.88011406423;66268.67547853893;-130788.72928485028;47505.2130228535;25188.98548948592;30720.528152051946;24125.10950864667;-187500.02235174447;
35897.43803709007;-187500.02235174447;35605.65836497049;49733.8384072588;60518.756272644554;48688.17909815063;39994.35633353667;40718.217577721785;49762.60510237278;66440.7839108448;-130657.68100710881;47501.18970885155;25180.089495192708;30788.700972640632;24122.941389434505;-187500.02235174447;
35867.59845824223;-187500.02235174447;35605.43484752594;49740.856855017766;60526.86995588183;48695.62222905424;39999.16195859456;40729.50520867172;49762.06866050585;66406.65279706154;-130757.72741529078;47495.44531052653;25186.392687129104;30725.266721876473;24116.213514353458;-187500.02235174447;
35871.77823445538;-187500.02235174447;35601.92562364646;49737.59350032729;60526.7358454151;48693.342351119805;39998.290240560804;40730.4663336833;49768.30479720888;66558.33173493526;-130654.2835419516;47496.87582217167;25184.246919661397;30787.583385417867;24128.886953459616;-187500.02235174447;
35896.76748475641;-187500.02235174447;35599.176359078454;49747.11534346525;60532.65905769576;48702.93124949113;39998.96079289446;40735.04844129663;49770.8975995657;66556.78946456785;-130716.91312991538;47494.819461681785;25187.242053418406;30745.56210584189;24117.30874983177;-187500.02235174447;
35913.419534375615;-187500.02235174447;35607.6029667381;49748.43409638812;60535.81065366395;48698.61736281125;40002.15709235157;40739.49643844324;49780.844125848314;66639.66973300812;-130671.65084739338;47502.68727573005;25187.018535973853;30774.507614911512;24130.362168593667;-187500.02235174447;
35920.3262234123;-187500.02235174447;35610.86632142858;49749.01524174395;60540.32570604393;48713.97301125205;40007.946194165495;40736.68011864187;49782.11817528227;66644.76593074393;-130701.64688845241;47499.289810572845;25190.550111597793;30743.952780241107;24122.896685945594;-187500.02235174447;
35883.04351366085;-187500.02235174447;35606.105399859596;49742.06384921836;60533.664886196246;48707.669819315655;39997.91026090506;40735.20490350782;49801.452434236104;66688.75416383197;-130696.70715292779;47502.82138619678;25186.54914934029;30757.833213547852;24130.80920348277;-187500.02235174447;
35886.26216486242;-187500.02235174447;35617.23656859834;49739.98513698401;60533.06138909595;48702.52891809093;39999.564289994756;40731.33805171705;49803.508794725996;66745.66170521519;-130669.08039678102;47490.17029883508;25185.789190028812;30756.93914376964;24115.45355504198;-187500.02235174447;
35903.11538018172;-187500.02235174447;35608.92171966097;49739.82867477282;60529.038075093995;48700.98664772352;39999.18431033901;40731.1145342725;49810.057855851395;66760.68207748915;-130681.53031844263;47493.83598492575;25182.7940562718;30757.028550747462;24119.186296366013;-187500.02235174447;
35919.40980188964;-187500.02235174447;35604.8537021701;49738.17464568313;60525.43944423669;48702.1936419241;39999.38547603911;40725.906577814414;49809.70022794011;66812.42636590319;-130638.36909989943;47483.062444098294;25182.481131849425;30755.262762935494;24102.824819424728;-187500.02235174447;
35906.73636278348;-187500.02235174447;35588.201652550895;49730.709163035055;60517.81749937743;48700.27139190095;39983.98512410941;40721.570339390084;49808.247364550516;66749.17092909467;-130730.43593531084;47481.90015338662;25180.80475101528;30717.30950085038;24105.663490970554;-187500.02235174447;
35900.29906038035;-187500.02235174447;35603.55730099169;49737.59350032729;60529.30629602746;48705.65816231468;39996.85972891566;40728.141752259944;49809.432007006646;66839.85195634986;-130626.4332683603;47477.83213589575;25183.285794649815;30756.872088536275;24093.884121642604;-187500.02235174447;
35910.58086282979;-187500.02235174447;35603.780818436244;49737.03470671591;60530.31212452795;48691.88948773021;39992.970525380435;40734.4672959408;49815.42227452067;66739.24675455652;-130715.23674908123;47484.51530748788;25190.058373219774;30725.825515487853;24103.875351414128;-187500.02235174447;
35925.020089747915;-187500.02235174447;35619.874074444066;49748.054116732375;60539.45398801017;48725.86413930228;40004.28050807482;40738.58001692057;49806.03454184944;66764.2136531131;-130591.09516037646;47487.622199967176;25191.22066393145;30774.70878061161;24101.01432812385;-187500.02235174447;
35921.71203156853;-187500.02235174447;35613.95086216341;49750.08812547781;60539.49869149908;48710.955525750585;39995.60803122616;40745.37494723499;49793.38345448774;66518.21035363799;-130733.8557522125;47495.1100343597;25192.829989532234;30709.88872169122;24112.257255584867;-187500.02235174447;
35924.461296136535;-187500.02235174447;35614.46495228588;49752.61387260126;60541.80092117798;48720.16444446617;40003.40879004107;40742.73744138926;49790.365968986276;66506.81096396578;-130599.00767791364;47494.171261092575;25185.02923071733;30776.675734123677;24115.118278875147;-187500.02235174447;
35922.69550832457;-187500.02235174447;35610.73221096185;49751.92096852315;60540.48216825511;48717.70575257609;39998.04437137179;40747.27484551368;49793.47286146556;66224.84370766208;-130769.68559857436;47496.92052566058;25180.871806248644;30695.337736050817;24110.31265381726;-187500.02235174447;
35944.77903184641;-187500.02235174447;35605.07721961466;49752.993852257;60546.96417414716;48733.240214972524;40002.87234817414;40745.2184850238;49798.54670745692;66231.34806529857;-130625.51684683764;47497.188746594045;25177.384934113616;30766.684504352153;24108.099831116182;-187500.02235174447;
35934.29606369687;-187500.02235174447;35630.89348446053;49762.15806748367;60552.28388932752;48736.190645240626;40006.4933307759;40761.40114800944;49801.63124819175;65968.826826671;-130784.70597084833;47501.4132262961;25178.100189936187;30692.096733104794;24105.015290381347;-187500.02235174447;
35938.6323021212;-187500.02235174447;35620.76814422228;49757.79947731489;60546.47243576914;48729.954508537594;40009.689630233006;40752.23693278276;49801.81006214739;66006.91419922283;-130618.09606767847;47505.68240948706;25175.55209106828;30785.504673183525;24115.721775975442;-187500.02235174447;
35945.53899115789;-187500.02235174447;35622.42217331197;49765.868457063254;60556.307203329474;48749.51228493599;40017.177464625536;40764.59744746655;49806.39216976073;65758.18398692418;-130785.48828190427;47507.00116240992;25179.396591114593;30700.791561697908;24112.90545617407;-187500.02235174447;
35956.9383808301;-187500.02235174447;35608.36292604959;49764.23677971802;60556.106037629375;48750.6075204143;40020.91020594957;40753.510982216714;49813.16474833069;65791.19751348466;-130650.55080062758;47512.1644153791;25176.557919568768;30772.540661399446;24122.24848535639;-187500.02235174447;
35936.95592128705;-187500.02235174447;35637.24137988584;49773.11042226678;60562.677450499235;48757.91654085118;40024.10650540668;40761.624665453994;49813.23180356405;65602.95112168207;-130779.43095915687;47510.15275837812;25181.251785904384;30712.16859962566;24115.498258530886;-187500.02235174447;
35949.428194693115;-187500.02235174447;35628.43479257045;49768.684776864626;60559.41409580876;48755.636662916746;40026.051107174295;40753.55568570563;49816.428103021164;65663.92668055615;-130641.36423365644;47515.38306658067;25184.381030128126;30790.802036619432;24124.282494101823;-187500.02235174447;
35951.81983134983;-187500.02235174447;35626.579597780656;49768.90829430918;60557.64830799679;48751.47923844805;40029.53797930932;40752.34869150504;49812.315382041386;65475.16619863108;-130790.02568602869;47504.58717400875;25183.822236516746;30701.283300075927;24112.883104429617;-187500.02235174447;
35966.88490711271;-187500.02235174447;35615.67194648647;49767.52248615295;60552.060371882966;48732.323793449854;40054.54958135481;40744.21265652331;49810.9072221407;65524.58590562176;-130683.45256846579;47503.603697252714;25184.31397489476;30766.215117718595;24122.784927223318;-187500.02235174447;
35982.24055555351;-187500.02235174447;35600.31629804568;49763.923855295645;60545.73482820211;48726.199415469106;40058.617598845674;40735.562531419106;49801.43008249165;65403.93118905201;-130774.58063061007;47491.176127335566;25185.07393420624;30709.575797268844;24106.78107819332;-187500.02235174447;
35971.98110484852;-187500.02235174447;35610.933376661946;49762.78391632842;60545.66777296874;48741.10802902079;40055.57776159975;40738.02122330919;49800.89364062472;65445.1478058276;-130692.72854241474;47491.57845873576;25179.821274259244;30769.6125828758;24116.705252731474;-187500.02235174447;
35957.251305252474;-187500.02235174447;35626.19961812492;49768.03657627542;60548.23822358111;48730.49095040452;40058.416433145576;40743.452697211826;49800.401902246704;65382.428810886006;-130727.99959516521;47486.705778444506;25185.87859700663;30739.75065228351;24107.719851460442;-187500.02235174447;
35954.34557847328;-187500.02235174447;35610.016955139276;49763.5438756399;60542.91850840074;48728.993383526016;40044.64775856111;40737.44007795335;49799.46312897958;65362.75927576534;-130717.62838573795;47486.72813018896;25182.525835338336;30748.780757043452;24115.38649980861;-187500.02235174447;
35969.567116447346;-187500.02235174447;35603.69141145842;49754.29025343541;60540.16924383274;48725.05947650188;40048.87223826316;40732.276824984176;49787.92962884065;65360.70291527545;-130725.6526619974;47468.3549962467;25178.994259714396;30733.6039225583;24095.67226119903;-187500.02235174447;
35965.38734023421;-187500.02235174447;35606.66419347098;49757.151276725686;60543.9913921346;48738.06819177487;40050.995653986414;40737.68594714236;49796.915030111675;65438.55404121328;-130724.08803988554;47476.982769606446;25181.341192882206;30742.99165522953;24107.67514797153;-187500.02235174447;
35971.26584902595;-187500.02235174447;35618.73413547684;49755.810172058365;60545.57836599093;48724.47833114604;40058.81876454577;40734.82492385208;49794.92572485516;65558.51585370491;-130674.98125731722;47472.75828990439;25182.503483593882;30759.75546357101;24098.82385716723;-187500.02235174447;
35985.16863407715;-187500.02235174447;35600.584518979136;49753.306776679376;60542.24795606708;48721.19262471111;40063.28911343683;40733.37206046248;49795.81979463337;65584.06389761734;-130726.2561590977;47475.3063887723;25182.883463249622;30737.22490516006;24103.897703158582;-187500.02235174447;
35976.25028803948;-187500.02235174447;35610.88867317303;49754.67023309115;60545.22073807964;48725.79708406891;40063.13265122565;40730.44398193884;49796.26682952247;65669.67107888116;-130694.0025918487;47471.48424047044;25185.811541773266;30733.492163836025;24097.81802866674;-187500.02235174447;
35981.21237530856;-187500.02235174447;35619.53879827724;49752.65857609017;60549.93695615971;48722.26550844497;40062.43974714753;40742.44686871134;49795.5515736999;65659.21046247607;-130774.31240967661;47475.46285098349;25184.783361528323;30711.16277112517;24101.573121735233;-187500.02235174447;
35979.11131132976;-187500.02235174447;35621.19282736693;49766.6954716081;60563.68327899972;48735.96712779607;40072.676846108065;40747.096031558045;49803.553498214904;65810.57647592742;-130665.05708277907;47483.97886562096;25185.968003984453;30765.6116206183;24105.082345614715;-187500.02235174447;
35978.999552607485;-187500.02235174447;35600.09278060112;49758.20180871509;60559.48115104213;48723.40544741219;40070.35226468471;40745.77727863518;49804.8051959044;65748.37157110829;-130790.02568602869;47486.95164763351;25179.240128903406;30709.55344552439;24103.584778736207;-187500.02235174447;
35988.990782379005;-187500.02235174447;35626.13256289155;49762.33688143932;60568.10892440187;48734.000174284;40075.403758931614;40750.20292403733;49807.196832561116;65903.69384332822;-130665.1911932458;47488.04688311183;25177.630803302625;30771.020742776484;24098.890912400595;-187500.02235174447;
35977.72550317353;-187500.02235174447;35618.44356279893;49757.911236037166;60566.11961914535;48736.682383618645;40068.050035005814;40753.77920315018;49814.28233555345;65802.5298479235;-130805.91777633641;47490.14794709062;25175.373277112638;30707.541788523413;24102.355432791166;-187500.02235174447;
35985.079227099326;-187500.02235174447;35621.72926923386;49762.91802679515;60572.109886659375;48729.127493992746;40073.302694952814;40751.275807771184;49811.9577541301;65960.17670156679;-130640.04548073358;47490.55027849082;25171.394666599594;30792.165493031203;24102.020156624338;-187500.02235174447;
35990.30953530187;-187500.02235174447;35615.78370520875;49762.806268072876;60576.312014616975;48737.28588071893;40070.62048561817;40758.29425553015;49813.12004484177;65825.73095866811;-130800.75452336724;47495.40060703762;25167.03607643081;30706.781829211934;24101.975453135427;-187500.02235174447;
35997.12681736074;-187500.02235174447;35622.5562837787;49760.83931456081;60579.06127918498;48743.47731393306;40073.48150890845;40758.09308983006;49817.277469310466;65949.80549213952;-130662.57603914454;47496.87582217167;25165.091474663197;30772.339495699347;24105.52938050382;-187500.02235174447;
35977.814910151355;-187500.02235174447;35611.29100457323;49757.95593952608;60579.75418326309;48736.324755707356;40066.26189544939;40757.69075842986;49815.176405331666;65792.0245280295;-130840.25005581976;47497.56872624978;25165.69497176349;30684.899471390185;24099.96379613445;-187500.02235174447;
35978.79838690739;-187500.02235174447;35626.780763480754;49764.57205588485;60587.10790718889;48742.896168577216;40070.55343038481;40757.40018575194;49818.64092572223;65942.83174786947;-130691.47684472524;47500.5638600068;25166.41022758606;30770.95368754312;24103.696537458487;-187500.02235174447;
35977.054950839876;-187500.02235174447;35616.36485056458;49751.071602233846;60583.7998490095;48722.37726716725;40064.58551461524;40755.16501130641;49817.43393152165;65822.288790022;-130842.8875616655;47496.562897749296;25164.577384540724;30696.254157573483;24096.186351321503;-187500.02235174447;
36000.83720694032;-187500.02235174447;35621.43869655594;49754.40201215768;60586.303244388495;48731.161502738185;40074.44263392003;40754.092127572556;49816.94219314363;65964.80351266904;-130698.0035541062;47495.78058669336;25159.905869949565;30778.463873680103;24105.14940084808;-187500.02235174447;
35999.56315750637;-187500.02235174447;35610.7545627063;49756.54777962539;60591.3547386354;48748.349994224314;40076.96838104348;40756.64022644046;49823.67006822468;65859.45974105118;-130834.14802958346;47498.529851261366;25168.153663653575;30708.994651913006;24110.20089509498;-187500.02235174447;
35957.251305252474;-187500.02235174447;35631.87696121656;49763.27565470644;60599.82604978396;48744.23727324454;40083.11511076869;40761.08822358707;49831.00144040602;66021.59929532997;-130695.20958604928;47503.58134550826;25167.59487004219;30793.730115143077;24123.410776068067;-187500.02235174447;
35971.95875310407;-187500.02235174447;35630.088821660145;49758.537084881915;60597.14384044932;48737.33058420785;40076.83427057675;40762.00464510973;49828.07336188237;65959.2155765552;-130825.45320099035;47494.30537155931;25173.875710234133;30715.297843849403;24110.647929984087;-187500.02235174447;
35994.98104989303;-187500.02235174447;35635.02855718476;49761.44281166111;60600.004863739596;48740.45982843159;40082.62337239068;40761.289389287165;49828.56510026039;66112.21326735178;-130720.42235379487;47496.138214604645;25168.98067819842;30782.33072547087;24117.711081231962;-187500.02235174447;
36003.13943661922;-187500.02235174447;35625.57376928017;49758.42532615964;60600.04956722851;48736.190645240626;40080.27643922287;40759.389491008464;49826.95577465961;66089.5485984741;-130798.69816287735;47490.97496163547;25171.618184044146;30723.188009642126;24106.557560748766;-187500.02235174447;
35986.77795967793;-187500.02235174447;35631.25111237182;49760.54874188289;60603.223514941164;48751.434534959146;40084.03153229136;40761.95994162082;49828.788617704944;66207.72227140931;-130740.04718542662;47492.80780468081;25171.193500899495;30760.962457771595;24114.44772654149;-187500.02235174447;
35967.6895699131;-187500.02235174447;35636.637882785544;49763.365061684264;60603.53643936354;48748.484104691044;40084.903250325115;40762.0717003431;49832.02962065097;66225.71542569583;-130788.5728226391;47488.04688311183;25176.624974802136;30721.802201485898;24106.177581093023;-187500.02235174447;
35968.293067013394;-187500.02235174447;35638.71659501989;49760.72755583854;60602.46355562968;48742.71735462158;40080.991695045435;40762.40697650993;49832.990745662544;66296.41399340797;-130769.28326717416;47489.79031917934;25174.5909660567;30744.332759896846;24117.129935876124;-187500.02235174447;
35982.93345963162;-187500.02235174447;35622.7574494788;49754.73728832451;60597.479116616145;48736.83884582983;40072.967418785986;40751.92400836039;49826.419332792684;66303.16422023348;-130797.20059599885;47481.74369117543;25175.39562885709;30712.41446881467;24101.886046157604;-187500.02235174447;
35994.15403534818;-187500.02235174447;35615.269615086276;49747.070639976344;60592.874657258355;48720.522072377455;40066.61952336068;40750.00175833723;49822.39601879073;66365.39147679704;-130771.54079336415;47479.709682429995;25168.98067819842;30748.80310878791;24105.596435737185;-187500.02235174447;
35985.45920675507;-187500.02235174447;35613.4591237854;49736.3418026378;60581.765840264066;48731.80970332739;40065.79250881583;40738.51296168721;49813.61178321979;66446.43890219199;-130724.1997986078;47472.42301373756;25171.059390432765;30752.357036156303;24088.944386117983;-187500.02235174447;
35954.323226728826;-187500.02235174447;35624.14325763503;49740.96861374004;60586.146782177304;48740.54923540941;40067.75946232789;40745.84433386855;49816.02577162097;66455.0890272962;-130760.1637554364;47476.64749343962;25168.667753776044;30742.075233706862;24097.013365866347;-187500.02235174447;
35959.01709306444;-187500.02235174447;35630.04411817123;49748.41174464366;60590.147744434806;48740.34806970931;40073.392101930636;40746.49253445775;49819.356181544805;66558.3093831908;-130690.6498301804;47478.949723118516;25177.429637602527;30760.582478115855;24096.812200166252;-187500.02235174447;
35983.08992184281;-187500.02235174447;35625.08203090215;49740.94626199559;60590.43831711273;48724.41127591268;40070.93341004055;40752.50515371623;49823.78182694696;66547.06645572979;-130768.83623228506;47485.11880458818;25181.60941381567;30726.205495143593;24102.44483976899;-187500.02235174447;
35962.079282054816;-187500.02235174447;35628.03246117025;49745.72953530902;60590.84064851292;48734.2013399841;40072.4086251746;40747.94539784735;49824.184158347154;66674.44904738058;-130687.85586212348;47476.93806611754;25177.45198934698;30746.344416897824;24095.67226119903;-187500.02235174447;
35962.21339252155;-187500.02235174447;35625.41730706898;49741.52740735143;60591.73471829113;48734.11193300628;40070.77694782936;40757.154316562934;49859.410507608714;66625.09639562326;-130798.7205146218;47486.59401972223;25179.08366669222;30703.138494865718;24102.04250836879;-187500.02235174447;
35960.0899767983;-187500.02235174447;35618.37650756556;49741.57211084034;60593.634616569834;48736.77179059646;40069.36878792868;40751.90165661593;49872.95566474863;66757.39637105422;-130688.86169062398;47487.15281333361;25178.390762614104;30749.317198910383;24096.96866237744;-187500.02235174447;
35977.54668921789;-187500.02235174447;35621.63986225604;49736.81118927136;60592.18175318024;48728.009906769985;40058.550543612306;40754.89679037294;49874.63204558278;66676.12542821473;-130809.80697987163;47483.35301677621;25172.020515444343;30703.227901843537;24092.610072208652;-187500.02235174447;
35979.51364272996;-187500.02235174447;35623.85268495711;49737.302927649376;60596.11566020438;48734.022526028464;40065.2560669489;40754.78503165067;49878.05186248444;66843.65175290724;-130652.49540239519;47484.22473480997;25170.83587298821;30784.18592026066;24092.72183093093;-187500.02235174447;
35954.6361511512;-187500.02235174447;35632.54751355023;49741.907387007166;60601.65889282929;48736.41416268518;40067.290075694335;40768.86663065751;49887.461946900126;66765.55475778041;-130769.43972938535;47492.83015642526;25171.97581195543;30731.27934113495;24097.080421099716;-187500.02235174447;
35958.07831979732;-187500.02235174447;35630.73702224935;49746.19892194259;60604.76578530858;48739.006965042;40070.91105829609;40763.3233980326;49895.128595248294;66901.0957361574;-130644.91816102483;47497.2110983385;25172.065218933254;30781.570766159388;24106.490505515398;-187500.02235174447;
35962.280447754914;-187500.02235174447;35631.117001905084;49744.008450985966;60604.206991697196;48741.04097378743;40065.747805326915;40767.726691690295;49894.61450512583;66777.62469978628;-130806.94595658136;47494.55124074832;25168.958326453965;30699.40575354168;24104.54590374779;-187500.02235174447;
35966.147299545686;-187500.02235174447;35636.928455463465;49747.137695209705;60602.37414865186;48740.88451157624;40067.13361348315;40763.390453265965;49896.71556910462;66931.80703303899;-130666.35348395747;47495.62412448217;25166.231413630416;30774.84289107834;24107.96572064945;-187500.02235174447;
35971.39995949268;-187500.02235174447;35609.167588849974;49738.50992184996;60594.46163111468;48735.631851629245;40065.16665997108;40758.29425553015;49891.19468822416;66825.41272943171;-130818.45710497584;47485.54348773283;25158.721227493435;30691.806160426877;24094.06293559825;-187500.02235174447;
35954.12206102873;-187500.02235174447;35632.458106572405;49739.20282592808;60598.261427672085;48746.248930245514;40072.967418785986;40755.902618873435;49895.82149932641;67003.64553971835;-130663.13483275591;47485.05174935481;25155.45787280296;30783.04598129344;24099.82968566772;-187500.02235174447;
35955.999607562975;-187500.02235174447;35630.69231876043;49742.26501491845;60600.04956722851;48738.09054351933;40072.29686645232;40754.18153455038;49895.73209234859;66914.59618980839;-130783.63308711447;47478.86031614069;25157.246012359385;30706.558311767378;24088.944386117983;-187500.02235174447;
35971.64582868169;-187500.02235174447;35621.058716900196;49735.246567159484;60588.15843917828;48732.36849693877;40068.51942163938;40745.73257514627;49890.99352252406;67038.08957792397;-130693.51085347068;47475.14992656111;25156.195480369985;30753.452271634615;24094.19704606498;-187500.02235174447;
35962.436909966105;-187500.02235174447;35613.2579580853;49738.30875614986;60590.41596536827;48732.904938805696;40068.22884896146;40747.58776993606;49886.09849048835;67031.16053714282;-130777.0169707557;47465.024586322856;25153.803843713267;30700.70215472009;24082.037697081294;-187500.02235174447;
35937.00062477597;-187500.02235174447;35622.06454540069;49736.095933448785;60594.26046541458;48738.04584003042;40070.64283736263;40748.23597052527;49890.25591495704;67213.6178271315;-130691.18627204733;47466.34333924572;25152.194518112483;30754.61456234629;24095.04641235428;-187500.02235174447;
35942.02976727841;-187500.02235174447;35628.18892338144;49736.07358170433;60595.69097705973;48744.75136336701;40074.55439264231;40753.041595583156;49897.29671446046;67285.81396172213;-130732.93933068984;47464.01875782237;25161.69400950599;30724.88674222073;24095.00170886537;-187500.02235174447;
35948.869401081734;-187500.02235174447;35626.42313556947;49734.017221214446;60593.88048575884;48746.047764545416;40076.96838104348;40756.796688651644;49903.666961630224;67453.76496955931;-130660.96671354375;47471.931275359544;25164.465625818448;30769.545527642433;24106.646967726585;-187500.02235174447;
35962.92864834412;-187500.02235174447;35623.89738844602;49730.10566593477;60585.56563682147;48731.921462049664;40069.27938095086;40749.08533681457;49897.27436271601;67514.02527261082;-130674.08718753901;47465.0022345784;25169.181843898517;30744.377463385757;24093.548845475776;-187500.02235174447;
35942.05211902286;-187500.02235174447;35618.44356279893;49725.210633899056;60582.21287515317;48726.44528465811;40067.44653790552;40746.55958969112;49893.45221441415;67581.79576179931;-130663.85008857849;47461.02362406536;25166.61139328616;30753.98871350154;24098.10860134466;-187500.02235174447;
35942.47680216751;-187500.02235174447;35612.587405751634;49729.47981709002;60581.00588095259;48738.09054351933;40069.525250139865;40742.17864777787;49890.7253015906;67629.24851527793;-130650.10376573847;47458.36376647517;25169.628878787626;30740.13063193925;24085.681031427506;-187500.02235174447;
35947.93062781461;-187500.02235174447;35606.91006265999;49727.75873276696;60578.83776174042;48731.38502018274;40068.67588385056;40745.93374084637;49891.61937136881;67603.56636089878;-130690.2922022691;47458.47552519745;25171.75229451088;30721.690442763622;24093.951176875973;-187500.02235174447;
35935.0336712639;-187500.02235174447;35626.26667335829;49726.01529669944;60577.25078788409;48726.37822942474;40066.48541289394;40740.88224659947;49888.95951377863;67598.96190154098;-130658.86564956495;47452.217036749964;25174.16628291205;30717.577721783844;24087.312708772744;-187500.02235174447;
35917.95693850004;-187500.02235174447;35621.66221400049;49723.55660480936;60576.60258729489;48731.921462049664;40065.814860560284;40748.414784480905;49890.70294984615;67504.70459517295;-130724.84799919701;47452.641719894615;25175.46268409046;30697.327041307337;24094.934653632004;-187500.02235174447;
35946.07543302482;-187500.02235174447;35618.1082866321;49718.348648351275;60571.72990700363;48729.66393585967;40062.79737505882;40741.44104021085;49890.032397512485;67558.30407837678;-130622.65582354735;47447.5008186699;25177.07200969124;30740.242390661526;24085.904548872062;-187500.02235174447;
35913.93362449809;-187500.02235174447;35609.92754816145;49718.95214545156;60570.05352616949;48722.69019158962;40048.35814814069;40744.8161536236;49889.004217267546;67396.34333805363;-130757.0568629571;47441.71171685597;25173.875710234133;30667.17453803713;24080.67424066952;-187500.02235174447;
35931.01035726194;-187500.02235174447;35611.33570806214;49717.722799506526;60566.521950545546;48725.97589802455;40053.34258715422;40738.20003726483;49883.10335673134;67477.61428089313;-130626.32150963802;47436.25789120888;25168.84656773169;30734.632102803243;24071.353563231656;-187500.02235174447;
35921.466162379525;-187500.02235174447;35619.315280832685;49726.0376484439;60575.06031692748;48711.13433970622;40056.6059418447;40752.25928452722;49887.35018817785;67345.09078801761;-130725.11622013048;47446.494990169405;25168.667753776044;30693.70605870558;24073.14170278808;-187500.02235174447;
35926.6294153487;-187500.02235174447;35616.297795331215;49722.327258864316;60576.446125083705;48723.83013055684;40055.3542441552;40745.57611293508;49890.97117077961;67406.1110503806;-130613.84923623197;47448.21607449247;25173.40632360057;30738.543658082923;24077.701458656964;-187500.02235174447;
35936.50888639795;-187500.02235174447;35623.517408790285;49722.64018328669;60577.67547102874;48715.09059847482;40054.68369182154;40754.18153455038;49893.98865628108;67296.40868859395;-130738.70608075931;47453.491086183916;25172.445198588994;30685.30180279038;24078.05908656825;-187500.02235174447;
35910.35734538524;-187500.02235174447;35621.259882600294;49730.37388686823;60580.89412223031;48730.28978470442;40062.84207854773;40751.007586837724;49895.06154001493;67438.07404495169;-130583.20499458374;47457.55910367479;25171.88640497761;30759.75546357101;24084.96577560494;-187500.02235174447;
35918.15810420014;-187500.02235174447;35620.67873724446;49717.164005895145;60572.959252948676;48725.350049179804;40054.23665693244;40751.58873219356;49895.62033362631;67239.03176057719;-130785.86826156;47455.14511527361;25168.332477609216;30645.895677315675;24078.975508090916;-187500.02235174447;
35904.14356042666;-187500.02235174447;35621.93043493396;49720.427360585614;60572.13223840383;48724.791255568416;40056.27066567787;40748.59359843655;49890.792356823964;67296.52044731623;-130644.76169881364;47451.63589139413;25163.660963018057;30726.27255037696;24077.14266504558;-187500.02235174447;
35902.176606914596;-187500.02235174447;35606.440676026425;49711.19609012557;60560.442276053705;48699.422025611646;40045.340662639224;40743.36329023401;49889.63006611229;67094.75125011818;-130780.43678765737;47448.886626826126;25158.520061793337;30661.966581579043;24069.14074053058;-187500.02235174447;
35937.26884570943;-187500.02235174447;35608.74290570532;49710.100854647266;60558.38591556381;48709.92734550564;40049.20751442999;40736.90363608643;49885.78556606598;67179.82198951507;-130620.06302119054;47441.86817906716;25152.373332068128;30752.982885001053;24071.219452764923;-187500.02235174447;
35890.19607188655;-187500.02235174447;35608.8546644276;49707.10572089026;60552.820331194445;48704.18294718063;40047.17350568456;40737.52948493117;49885.6738073437;66972.66602190328;-130782.76136908072;47433.32981268523;25152.283925090305;30655.81985185383;24062.636382894085;-187500.02235174447;
35899.82967374679;-187500.02235174447;35598.7516759338;49703.84236619978;60551.50157827158;48710.50849086148;40046.48060160645;40731.49451392824;49885.696159088155;67013.39090030086;-130677.30583874058;47427.78658006032;25145.84662268718;30719.16469564017;24075.19806327797;-187500.02235174447;
35903.473008093;-187500.02235174447;35606.15010334851;49700.84723244277;60550.76397070455;48709.480310616535;40052.11324120918;40733.99790930723;49884.10918523183;66875.32417480042;-130771.1161102195;47425.037315492315;25146.517175020836;30668.895622360185;24074.683973155497;-187500.02235174447;
35903.74122902647;-187500.02235174447;35626.1102111471;49704.51291853344;60549.176996848226;48703.624153569246;40057.76823255637;40733.75204011823;49892.893420802764;66931.51646036106;-130684.48074871073;47433.352164429685;25152.686256490502;30718.516495050968;24091.268967541335;-187500.02235174447;
35912.88309250869;-187500.02235174447;35603.512597502784;49710.97257268102;60554.7425812176;48703.959429736075;40060.852773291204;40732.366231962;49887.75251957805;66819.78008982899;-130786.73997959377;47425.037315492315;25152.93212567951;30657.7868053659;24078.081438312704;-187500.02235174447;
35893.43707483257;-187500.02235174447;35616.61071975359;49714.79472098288;60560.017592909055;48734.46956091757;40065.21136345999;40738.93764483186;49899.73305460609;66857.24161353608;-130712.48748451323;47429.88764403912;25154.49674779138;30712.59328277031;24088.139723317592;-187500.02235174447;
35904.65765054913;-187500.02235174447;35625.03732741324;49713.99005818249;60557.8941771858;48725.66297360218;40060.11516572418;40738.11063028701;49905.49980467556;66770.44978981612;-130765.12584270549;47428.188911460515;25163.817425229245;30676.472863730534;24082.35062150367;-187500.02235174447;
35885.1222258952;-187500.02235174447;35624.545589035224;49713.36420933774;60556.106037629375;48725.484159646534;40061.74684306942;40739.83171461007;49902.124691262805;66767.27584210347;-130732.29113010064;47426.646641093095;25162.83394847321;30709.776962968943;24089.614938451643;-187500.02235174447;
35900.3214121248;-187500.02235174447;35625.752583235815;49715.59938378327;60555.43548529572;48719.42683689915;40062.77502331436;40739.40703146542;49901.700008118154;66707.57433266334;-130749.03258669766;47424.18794920301;25169.427713087527;30689.638041214712;24082.32826975921;-187500.02235174447;
35908.34568838426;-187500.02235174447;35621.259882600294;49713.878299460215;60551.5909852494;48705.7475692925;40057.008273244894;40738.04357505364;49900.09068251737;66626.25868633493;-130766.4669473728;47424.76909455885;25169.092436920695;30694.711887206067;24091.71600243044;-187500.02235174447;
35895.605194044736;-187500.02235174447;35615.76135346429;49713.31950584883;60550.00401139307;48723.13722647873;40061.277456435855;40734.4672959408;49895.10624350384;66576.32488922178;-130728.24546435422;47416.498949110384;25168.913622965054;30705.440724544613;24076.293298756278;-187500.02235174447;
35902.020144703405;-187500.02235174447;35620.87990294456;49709.966744180536;60549.534624759515;48725.841787557816;40061.8586017917;40739.65290065443;49897.90021156076;66454.32906798471;-130773.99948525423;47416.364838643654;25169.360657854162;30693.30372730538;24079.48959821339;-187500.02235174447;
35898.15329291264;-187500.02235174447;35611.067487128676;49714.05711341585;60549.042886381496;48717.370476409254;40068.92175303957;40733.70733662931;49898.146080749764;66462.55450994427;-130673.64015264991;47415.98485898791;25175.328573623727;30735.66028304819;24073.65579291055;-187500.02235174447;
35891.24660387595;-187500.02235174447;35630.066469915684;49717.36517159524;60550.96513640465;48718.085732231826;40064.25023844841;40740.34580473254;49898.79428133897;66306.91931330196;-130758.39796762443;47417.080094466226;25177.429637602527;30693.035506371918;24078.707287157453;-187500.02235174447;
35885.05517066183;-187500.02235174447;35636.97315895238;49724.763599009944;60556.664831240756;48724.54538637941;40067.915924539084;40739.20586576532;49905.209231997644;66286.40041189198;-130675.45064395078;47417.1918531885;25185.40921037307;30720.394041585216;24077.165016790037;-187500.02235174447;
35880.40600781512;-187500.02235174447;35632.033423427754;49712.26897385943;60552.48505502762;48721.88552878923;40057.76823255637;40743.47504895629;49907.19853725416;66091.35908977498;-130787.63404937198;47420.3434491567;25183.241091160908;30676.428160241627;24081.411848236545;-187500.02235174447;
35900.1202464247;-187500.02235174447;35633.62039728408;49714.86177621625;60556.28485158502;48731.362668438276;40070.75459608491;40742.826848367076;49909.99250531108;66144.73505553426;-130627.86378000544;47420.47755962343;25184.09045745021;30756.648571091722;24081.94829010347;-187500.02235174447;
35893.995868443955;-187500.02235174447;35610.62045223957;49710.100854647266;60549.31110731496;48715.09059847482;40061.50097388041;40742.15629603342;49908.58434541039;65918.31188420199;-130769.99852299674;47418.06357122226;25178.591928314203;30682.01609635545;24079.131970302104;-187500.02235174447;
35898.01918244591;-187500.02235174447;35601.18801607943;49707.35159007926;60543.54435724549;48704.518223347455;40056.22596218896;40728.54408366014;49901.16356625123;65956.71218117622;-130626.4779718492;47410.441626363;25172.959288711463;30749.294847165926;24068.671353897018;-187500.02235174447;
35865.542097752346;-187500.02235174447;35612.0062603958;49701.58484000979;60542.337363044906;48707.535708848925;40055.95774125549;40734.981386063264;49895.59798188186;65718.33082656036;-130797.89350007696;47407.357085628166;25168.108960164664;30656.579811165313;24063.642211394574;-187500.02235174447;
35864.11158610721;-187500.02235174447;35622.98096692336;49706.83749995679;60541.59975547788;48721.81847355586;40058.1035087232;40733.0144325512;49900.09068251737;65745.15291990673;-130676.59058291801;47409.8381292627;25167.930146209022;30713.64381475971;24072.605260921155;-187500.02235174447;
35871.15238561063;-187500.02235174447;35621.81867621168;49698.768520208425;60541.55505198897;48702.5959733243;40050.70508130849;40736.50130468623;49899.84481332837;65523.75889107691;-130827.3307475246;47410.55338508527;25164.75619849637;30644.062834270342;24070.101865542158;-187500.02235174447;
35886.8209584738;-187500.02235174447;35619.49409478833;49702.41185455464;60544.25961306806;48718.53276712093;40054.59428484372;40737.97651982028;49900.85064182885;65562.6732781736;-130685.6430394224;47416.5436525993;25161.492843805892;30721.757497996987;24080.33896450269;-187500.02235174447;
35859.28360930486;-187500.02235174447;35610.48634177284;49704.73643597799;60547.07593286943;48709.25679317198;40056.27066567787;40742.11159254451;49909.83604309989;65352.67863901599;-130833.87980865;47418.08592296671;25163.057465917766;30650.25426748446;24077.902624357062;-187500.02235174447;
35853.98624586895;-187500.02235174447;35618.91294943249;49699.684941731095;60540.54922348848;48714.73297056353;40058.88581977914;40734.40024070743;49905.99154305358;65413.94477056799;-130710.27466181216;47413.86144326466;25152.21686985694;30725.266721876473;24077.455589467954;-187500.02235174447;
35865.318580307794;-187500.02235174447;35607.6029667381;49694.83461318429;60535.54243273049;48707.938040249115;40053.4543458765;40732.5673976621;49904.24810698606;65246.329038897646;-130854.21989610433;47411.402751374575;25153.714436735445;30648.555534905856;24068.023153307815;-187500.02235174447;
35863.306923306816;-187500.02235174447;35604.697239958914;49695.058130628844;60537.19646182018;48709.5473658499;40060.31633142428;40727.24768248173;49901.4764906736;65381.51238936334;-130720.62351949495;47408.58643157321;25143.387930797093;30733.760384769488;24075.443932466977;-187500.02235174447;
35847.794812654836;-187500.02235174447;35615.02374589726;49694.25346782845;60535.43067400822;48704.227650669534;40058.46113663449;40726.66653712589;49903.73401686359;65373.555168337254;-130841.50175350926;47401.81385300325;25152.909773935055;30658.658523399656;24071.353563231656;-187500.02235174447;
35824.19137051003;-187500.02235174447;35613.12384761856;49690.92305790461;60528.70279892717;48703.49004310251;40056.248313933414;40721.12330450098;49902.549374407456;65630.242601662;-130745.85863898501;47393.87898372162;25152.127462879118;30726.116088165774;24082.216511036935;-187500.02235174447;
35825.71128913299;-187500.02235174447;35609.033478383244;49686.27389505791;60525.28298202551;48697.25390639948;40054.32606391026;40719.51397890019;49900.6271243843;65785.98955702658;-130757.70506354632;47383.150146383065;25159.88351820511;30715.208436871584;24071.733542887396;-187500.02235174447;
35822.04560304232;-187500.02235174447;35595.264803798775;49672.326406517794;60511.089624296386;48673.695167743586;40040.870313748164;40706.192339204834;49895.82149932641;65971.86666391691;-130710.69934495681;47377.204582357954;25157.91656469304;30735.79439351492;24078.595528435177;-187500.02235174447;
35778.9961432214;-187500.02235174447;35581.13850130302;49663.65392966913;60509.16737427323;48689.006112695475;40050.21334293048;40704.98534500424;49886.79139456647;66065.25225225119;-130732.98403417875;47365.179343841;25157.9389164375;30700.12100936425;24059.507138670342;-187500.02235174447;
35760.28773311231;-187500.02235174447;35562.31833247165;49643.82793233728;60488.1790862297;48661.468763526536;40037.025813701846;40693.0048099762;49887.14902247775;66158.23550918527;-130743.35524360601;47368.822678187214;25157.335419337207;30695.225977328537;24075.890967356085;-187500.02235174447;
35693.99245905787;-187500.02235174447;35556.50687891327;49631.69093509805;60472.57756859989;48634.400800991156;40021.06666816076;40679.14672841391;49870.675786814194;66242.30042008166;-130739.33192960406;47349.28725353328;25147.947686665975;30681.770227166442;24054.18742348998;-187500.02235174447;
35651.99353122634;-187500.02235174447;35546.58270437511;49614.77066454538;60473.24812093355;48666.989644407;40051.845020275716;40682.16421391538;49876.24137118356;66434.97245728642;-130677.46230095177;47349.5778262112;25147.791224454788;30700.27747157544;24067.218490507425;-187500.02235174447;
35680.000267028845;-187500.02235174447;35548.1920299759;49633.1661502321;60482.65820534924;48666.34144381779;40053.67786332105;40690.322600641564;49876.24137118356;66417.64985533356;-130780.39208416846;47350.4271925005;25145.39958779807;30658.233840255005;24065.09507478417;-187500.02235174447;
35744.26153233785;-187500.02235174447;35566.14048077351;49642.26331022541;60496.963321800635;48689.274333628935;40079.22590723347;40694.43532162134;49892.93812429168;66256.31496385514;-130686.47005396725;47340.9724045959;25112.184895537484;30717.465963061568;24067.173787018513;-187500.02235174447;
35725.46371525094;-187500.02235174447;35562.340684216106;49642.62093813669;60498.25972297904;48689.60960979576;40081.37167470118;40692.31190589809;49897.74374934957;66267.87081573854;-130765.12584270549;47335.473875459895;25120.58915145268;30655.238706497996;24063.061066038736;-187500.02235174447;
35727.90005539657;-187500.02235174447;35571.30373374269;49647.9183015726;60503.19945850367;48699.623191311744;40084.09858752473;40696.134054199945;49901.61060114034;66472.14340831559;-130669.8403560925;47336.59146268266;25123.316064276227;30726.496067821514;24079.131970302104;-187500.02235174447;
35748.77658471782;-187500.02235174447;35569.49324244181;49653.12625803069;60508.40741496175;48687.82147023934;40084.29975322483;40698.32452515656;49901.364731951326;66586.09260154875;-130668.56630665855;47326.84610210015;25134.53663999279;30704.524303021946;24070.280679497802;-187500.02235174447;
35736.30431131176;-187500.02235174447;35572.4436727099;49658.62478716669;60513.99535107557;48697.72329303304;40095.63208766367;40703.66659208138;49907.22088899862;66666.76004728796;-130675.24947825068;47332.836369614175;25143.07500637472;30702.35618380978;24084.518740715834;-187500.02235174447;
35735.432593278005;-187500.02235174447;35578.2998297572;49651.53928417436;60510.41907196273;48704.518223347455;40090.9605730725;40698.52569085666;49909.321952977414;66746.28755405993;-130663.7383298562;47324.096837532146;25147.813576199245;30693.795465683397;24076.606223178653;-187500.02235174447;
35727.96711062993;-187500.02235174447;35578.23277452383;49650.15347601813;60502.52890617;48687.26267662796;40082.42220669058;40695.17292918837;49901.49884241806;66778.94345270914;-130689.8004638911;47314.82086358319;25141.97977089641;30696.79059944041;24075.868615611627;-187500.02235174447;
35720.948662870964;-187500.02235174447;35564.06176853916;49636.65302236713;60490.25779846404;48679.126641646224;40073.41445367509;40677.8503272355;49887.88663004478;66863.6789159392;-130633.80934403055;47303.823805311185;25140.772776695823;30706.51360827847;24058.680124125498;-187500.02235174447;
35703.894281851564;-187500.02235174447;35555.52340215724;49636.87653981168;60488.96139728563;48669.87301944173;40068.94410478403;40681.04662669261;49880.667016585714;66831.06772077891;-130697.51181572817;47291.105662716116;25140.146927851074;30678.05983758686;24057.875461325108;-187500.02235174447;
35704.83305511869;-187500.02235174447;35558.83146033662;49640.117542757696;60489.408432174736;48679.551324790875;40067.80416581681;40675.52574581215;49877.62717933979;66942.58057386643;-130586.28953531856;47288.1105289591;25142.44915752997;30724.283245120438;24051.10288275515;-187500.02235174447;
35731.16341008704;-187500.02235174447;35572.22015526535;49640.944557302544;60495.979845044596;48677.36085383426;40074.44263392003;40689.78615877464;49873.80503103793;66858.6274216923;-130698.13766457292;47282.99197947884;25142.44915752997;30664.805253124865;24048.823004820708;-187500.02235174447;
35704.944813840964;-187500.02235174447;35573.248335510296;49640.25165322443;60497.11978401182;48691.375397607735;40087.160776515106;40688.33329538504;49888.33366493388;66980.42207722928;-130581.39450328285;47302.10272098812;25160.822291472232;30712.97326242605;24065.966792817926;-187500.02235174447;
35688.47157817741;-187500.02235174447;35560.93252431542;49638.8658450682;60493.11882175432;48685.51924056045;40083.293924724334;40689.80851051909;49890.36767367931;66882.90141617077;-130708.88885365592;47302.99679076634;25163.50450080687;30657.809157110354;24069.453664952955;-187500.02235174447;
35711.13624705509;-187500.02235174447;35554.49522191229;49626.63944085115;60483.99931001655;48672.59993226528;40080.32114271178;40675.16811790087;49884.10918523183;67038.78248200208;-130564.42952924127;47293.7655203063;25160.01762867184;30732.396928357713;24066.011496306837;-187500.02235174447;
35708.96812784292;-187500.02235174447;35537.41848914844;49631.15449323112;60479.84188554787;48662.47459202702;40065.14430822663;40676.553926057095;49874.90026651624;66940.99360001012;-130696.90831862789;47279.750976532814;25145.466643031436;30664.000590324475;24050.745254843863;-187500.02235174447;
35706.19651153046;-187500.02235174447;35555.94808530189;49628.27111819638;60487.21796121812;48674.879810199716;40077.638933377144;40678.54323131362;49871.1228217033;67128.27886680113;-130501.53172034404;47274.74418577483;25136.36948303813;30763.354094428316;24046.677237352997;-187500.02235174447;
35667.259772689315;-187500.02235174447;35574.65649541098;49638.17294099009;60495.39869968876;48686.21214463856;40080.6117153897;40693.2059756763;49883.192763709165;67009.38993804336;-130637.05034697657;47282.50024110082;25144.79609069778;30683.44660800059;24048.44302516497;-187500.02235174447;
35692.718409623914;-187500.02235174447;35568.39800696349;49633.1661502321;60489.184914730184;48678.21022012356;40075.58257288725;40686.00871396169;49882.96924626461;67193.74712631073;-130452.51434475355;47285.45067136892;25139.319913306226;30776.027533534474;24050.499385654854;-187500.02235174447;
35707.73878189788;-187500.02235174447;35546.113317741554;49620.87269078168;60477.40554540224;48662.072260626825;40065.50193613791;40679.88433598093;49875.995501994556;67069.47142713921;-130607.56839604002;47281.516764344786;25141.55508775176;30675.712904419055;24045.269077452314;-187500.02235174447;
35704.96716558542;-187500.02235174447;35541.575913617125;49626.03594375085;60481.294748937464;48667.324920573825;40066.77598557186;40678.18560340233;49866.764231534515;67176.73744878024;-130473.52498454154;47279.88508699955;25127.249971300364;30742.99165522953;24048.107748998136;-187500.02235174447;
35664.689322076956;-187500.02235174447;35551.433032921916;49624.963060017;60482.144115226765;48672.82344970983;40071.201630974014;40681.96304821528;49871.74867054805;66983.30545226402;-130639.2855214221;47288.06582547019;25130.06629110173;30637.60318012276;24041.201059961448;-187500.02235174447;
35678.3685896836;-187500.02235174447;35554.51757365675;49622.19144370454;60480.55714137044;48672.488173543;40071.67101760757;40681.96304821528;49878.655359584736;67033.39571158835;-130561.7696716511;47298.302924430725;25126.132384077595;30681.680820188623;24058.836586336685;-187500.02235174447;
35692.092560779165;-187500.02235174447;35550.29309395469;49621.69970532652;60484.021661761006;48670.16359211965;40077.080139765756;40688.26624015167;49874.810859538426;66941.30652443248;-130653.68004485132;47297.11828197459;25118.130459562595;30640.039520268387;24056.400246191057;-187500.02235174447;
35663.59408659865;-187500.02235174447;35563.65943713897;49628.74050482995;60487.84381006287;48671.97408342053;40082.62337239068;40687.036894206634;49879.66118808522;67032.38988308786;-130549.14093603384;47303.041494255245;25116.8787618731;30704.054916388384;24073.09699929917;-187500.02235174447;
35669.47259539039;-187500.02235174447;35547.83440206461;49625.365391417195;60486.23448446208;48664.62035949473;40080.723474111976;40684.68996103883;49876.48724037257;66964.64174564382;-130629.16018118385;47292.98320925036;25117.750479906856;30650.701302373567;24061.608202649142;-187500.02235174447;
35705.57066268571;-187500.02235174447;35541.37474791703;49617.877557024665;60484.379289672295;48658.183057091606;40076.96838104348;40675.928077212346;49872.75449904853;67058.98845898968;-130551.53257269056;47283.036682967744;25113.950683349452;30701.08213437583;24067.687877140987;-187500.02235174447;
35687.73397061038;-187500.02235174447;35547.163849730954;49626.2147577065;60490.68248160869;48670.92355143113;40087.47370093747;40676.844498735016;49873.49210661556;67066.81156954904;-130578.4217212703;47274.0065782078;25123.003139853852;30671.890756117198;24056.19908049096;-187500.02235174447;
35657.46970861789;-187500.02235174447;35566.83338485163;49627.734676329455;60489.31902519691;48670.29770258638;40088.43482594906;40677.49269932422;49880.64466484126;67132.9950848812;-130553.3654157359;47274.54302007473;25128.79224166778;30694.018983127953;24069.05133355276;-187500.02235174447;
35663.48232787637;-187500.02235174447;35541.75472757277;49615.17299594558;60475.1256674678;48652.6845279556;40083.62920089116;40661.55590552758;49870.474621114095;67214.71306260981;-130547.19633426623;47263.23303738035;25133.664921959036;30680.429122499125;24060.356504959644;-187500.02235174447;
35673.138281481064;-187500.02235174447;35553.02000677824;49608.66863830908;60466.967280741614;48652.32690004431;40081.84106133474;40658.6948822373;49858.717603530604;67317.19581093738;-130559.4674419722;47250.80546746319;25127.629950956103;30677.791616653398;24059.99887704836;-187500.02235174447;
35666.58922035566;-187500.02235174447;35553.02000677824;49607.30518189731;60473.00225174454;48656.551379746365;40088.92656432707;40656.43735604732;49863.43382161067;67441.82913802018;-130501.26349941058;47245.82102844966;25134.894267904077;30695.717715706556;24060.71413287093;-187500.02235174447;
35630.69231876043;-187500.02235174447;35530.17652394492;49604.757083029406;60462.58633882837;48644.77201041842;40071.916886796585;40653.17400135684;49859.142286675255;67383.13345708055;-130559.10981406091;47243.429391792946;25132.793203925277;30668.605049682268;24064.513929428333;-187500.02235174447;
35634.760336251304;-187500.02235174447;35537.35143391507;49601.1584521721;60458.58537657087;48636.23364403649;40075.3590554427;40644.814448930556;49848.927539459175;67397.43857353194;-130479.96228694468;47229.012516619274;25132.43557601399;30690.934442393118;24055.41676943502;-187500.02235174447;
35630.46880131588;-187500.02235174447;35541.84413455059;49594.78820500233;60450.87402473379;48635.76425740293;40066.28424719384;40645.95438789778;49845.88770221326;67262.61285097753;-130551.2643517571;47231.49356025381;25132.279113802804;30662.324209490325;24060.803539848752;-187500.02235174447;
35637.01786244129;-187500.02235174447;35543.40875666246;49606.18759467454;60458.29480389295;48652.61747272223;40075.87314556517;40647.85428617648;49843.71958300109;67276.96267091784;-130440.66792019224;47224.36335377257;25136.525945249316;30701.68563147612;24050.924068799504;-187500.02235174447;
35659.235496429865;-187500.02235174447;35555.81397483516;49605.07000745177;60460.12764693829;48651.47753375501;40076.946029299026;40659.38778631542;49848.94989120363;67064.9787265037;-130582.73560795018;47225.168016572956;25146.07014013173;30627.835467795787;24053.09218801167;-187500.02235174447;
35631.29581586073;-187500.02235174447;35547.029739264224;49615.932955257056;60460.619385316306;48653.064507611336;40076.029607776356;40653.91160892387;49849.59809179284;67077.31688944303;-130473.88261245283;47221.43527524892;25149.624067500125;30676.741084663998;24048.130100742594;-187500.02235174447;
35647.52318233528;-187500.02235174447;35543.676977595926;49604.44415860703;60449.44351308865;48632.34444050127;40069.92758154006;40650.67060597785;49845.23950162405;66893.31732908695;-130592.99505865516;47218.395438003;25151.993352412388;30629.891828285676;24043.413882662524;-187500.02235174447;
35656.30741790622;-187500.02235174447;35543.27464619573;49604.15358592911;60449.19764389964;48647.36481277524;40080.589363645246;40643.13806809641;49839.428048065674;66965.22289099966;-130438.81272540244;47214.48388272332;25156.821329214734;30702.490294276515;24040.463452394422;-187500.02235174447;
35631.8099059832;-187500.02235174447;35550.22603872133;49605.651152807615;60451.63398404527;48639.02761209341;40082.01987529038;40653.33046356803;49842.847864967334;66785.67132779019;-130574.75603517963;47217.45666473587;25157.7377507374;30636.038558010885;24044.53146988529;-187500.02235174447;
35634.849743229126;-187500.02235174447;35558.87616382553;49617.34111515774;60461.04406846096;48663.10044087177;40090.04415154984;40656.45970779177;49850.268644126496;66895.95483493267;-130412.9294053232;47223.91631888346;25160.911698450054;30721.22105613006;24056.221432235412;-187500.02235174447;
35646.69616779043;-187500.02235174447;35563.68178888343;49615.86590002369;60460.753495783036;48657.84778092478;40085.01500904739;40663.92519043985;49853.80021975043;66736.20691731058;-130569.39161651036;47222.77637991624;25165.98554444141;30636.932627789098;24055.394417690568;-187500.02235174447;
35645.5115253343;-187500.02235174447;35560.82076559315;49612.53549009985;60456.99840271454;48651.67869945511;40085.685561381055;40657.35377756999;49850.62627203778;66848.01034307604;-130417.89149259229;47218.86482463656;25164.107997907162;30722.338643352825;24058.2777927253;-187500.02235174447;
35633.66510077299;-187500.02235174447;35562.18422200492;49616.33528665725;60460.06059170492;48657.64661522468;40089.32889572727;40666.74151024121;49853.77786800598;66671.05158222337;-130548.06805229999;47218.68601068092;25168.667753776044;30658.099729788275;24057.51783341382;-187500.02235174447;
35631.78755423875;-187500.02235174447;35564.79937610619;49623.10786522721;60461.78167602798;48659.412403036644;40087.74192187094;40667.121489896956;49860.70690878712;66719.42075722465;-130414.27050999053;47226.64323170701;25168.153663653575;30730.854657990298;24071.308859742745;-187500.02235174447;
35660.19662144144;-187500.02235174447;35555.970437046344;49622.504368126916;60463.59216732886;48644.70495518505;40085.79732010333;40671.88241146594;49856.705946529626;66530.41440611058;-130539.06029928451;47219.40126650349;25169.047733431787;30662.413616468148;24063.66456313903;-187500.02235174447;
35651.85942075961;-187500.02235174447;35570.20849826437;49624.47132163899;60467.68253656418;48659.74767920347;40091.45231145052;40672.10592891049;49860.70690878712;66561.63979311465;-130419.99255657109;47219.28950778121;25163.191576384495;30734.31917838087;24069.923051586517;-187500.02235174447;
35662.9682377539;-187500.02235174447;35565.67109413995;49629.79103681935;60473.24812093355;48665.62618799522;40098.09077955375;40676.93390571283;49870.116993202806;66353.58975572465;-130528.39851717932;47216.45083623539;25163.50450080687;30664.849956613776;24058.546013658764;-187500.02235174447;
35642.67285378848;-187500.02235174447;35575.30469600018;49629.411057163605;60474.365708156314;48664.06156588335;40095.386218474654;40677.738568513225;49870.899304258746;66309.57917089215;-130445.36178652785;47226.30795554018;25163.88448046261;30722.428050330647;24075.488635955888;-187500.02235174447;
35626.40078382502;-187500.02235174447;35575.10353030009;49625.27598443937;60470.43180113218;48676.44443231159;40095.40857021911;40675.90572546789;49873.35799614883;66122.24920061222;-130526.67743285626;47227.55965322968;25168.01955318684;30671.041389827897;24068.403132963555;-187500.02235174447;
35640.214161898395;-187500.02235174447;35563.41356794996;49624.62778385017;60469.31421390942;48670.3871095642;40096.19088127505;40675.16811790087;49868.55237109094;66066.3921912184;-130477.68240901023;47231.247691064804;25157.156605381562;30717.398907828203;24077.723810401418;-187500.02235174447;
35657.96144699591;-187500.02235174447;35564.86643133956;49623.64430709414;60464.91092025172;48658.04894662487;40096.48145395297;40675.1010626675;49867.63594956827;65916.18846847874;-130533.04768002602;47231.15828408698;25157.98361992641;30674.863538129754;24073.074647554717;-187500.02235174447;
35626.84781871412;-187500.02235174447;35572.77894887674;49627.22058620699;60470.610615087826;48669.62715025272;40094.73801788545;40677.42564409085;49869.8711240138;65860.4432178072;-130509.62305183687;47237.953214401394;25151.903945434566;30702.11031462077;24080.92010985853;-187500.02235174447;
35631.47462981637;-187500.02235174447;35575.7964343782;49634.77547583288;60480.26656869252;48664.06156588335;40097.88961385365;40676.03983593462;49874.40852813823;65829.2401825476;-130478.08474041043;47236.008612633785;25146.137195365096;30700.433933786626;24073.074647554717;-187500.02235174447;
35638.604836297614;-187500.02235174447;35584.58066994914;49633.747295587935;60483.55227512745;48669.358929319256;40107.344401758244;40680.04079819212;49880.10822297433;65785.83309481539;-130509.33247915894;47242.62472899255;25150.205212855963;30687.17934932463;24085.81514189424;-187500.02235174447;
35649.7136532919;-187500.02235174447;35567.41453020746;49626.885310040154;60476.891455279765;48679.126641646224;40104.99746859044;40664.01459741767;49876.28607467248;65815.71737715213;-130494.6026795629;47233.21464457687;25156.575460025724;30672.181328795115;24079.020211579827;-187500.02235174447;
35622.01984191177;-187500.02235174447;35564.86643133956;49621.29737392633;60473.6728040782;48665.089746128295;40096.995544075435;40661.77942297213;49871.234580425575;65762.16259743721;-130592.63743074387;47221.72584792684;25153.155643124064;30633.289293442882;24082.57413894822;-187500.02235174447;
35601.36683003507;-187500.02235174447;35580.579707691635;49628.18171121857;60476.04208899046;48669.60479850826;40101.66705866659;40659.343082826505;49866.54071408996;65885.54422683052;-130513.37814490535;47212.092246066604;25158.721227493435;30671.778997394922;24078.506121457354;-187500.02235174447;
35622.01984191177;-187500.02235174447;35567.369826718554;49622.39260940464;60463.30159465094;48657.64661522468;40091.45231145052;40654.35864381297;49861.10924018732;65897.5024101141;-130563.08842457396;47207.51013845327;25162.07398916173;30671.197852039084;24082.238862781393;-187500.02235174447;
35644.259827644804;-187500.02235174447;35573.36009423257;49626.19240596204;60469.06834472041;48660.64174898169;40097.95666908701;40654.35864381297;49852.45911508312;66080.60790069198;-130402.87112031832;47200.02230406074;25164.689143263;30738.99069297203;24075.846263867174;-187500.02235174447;
35608.78760919424;-187500.02235174447;35571.482547698324;49629.88044379717;60472.04112673296;48663.32395831632;40093.21809926249;40661.95823692778;49855.72246977359;65993.324338594;-130542.56952316398;47199.016475560245;25169.919451465543;30660.692532145087;24080.741295902884;-187500.02235174447;
35638.06839443069;-187500.02235174447;35562.38538770502;49630.39453391964;60480.803010559444;48678.366682334745;40115.54749197334;40662.6958444948;49864.05967045542;66168.74082907925;-130390.04121900097;47204.35854248507;25178.27900389183;30732.396928357713;24090.598415207674;-187500.02235174447;
35609.21229233889;-187500.02235174447;35573.62831516604;49626.03594375085;60478.88076053629;48668.12958337422;40105.44450347954;40667.23324861923;49863.59028382186;66060.22310974874;-130542.14484001933;47204.51500469625;25184.671602806047;30650.34367446228;24094.91230188755;-187500.02235174447;
35593.789588664724;-187500.02235174447;35583.12780655954;49631.7132868425;60478.52313262501;48665.87205718423;40111.52417797139;40662.67349275035;49863.23265591057;66203.81071612964;-130406.64856513127;47202.25747850627;25188.449047618993;30716.147210138704;24100.880217657115;-187500.02235174447;
35613.369716807574;-187500.02235174447;35574.65649541098;49638.239996223456;60481.518266382016;48663.45806878305;40111.1665500601;40670.98834168772;49861.75744077652;66058.21145274777;-130564.9659711082;47207.33132449762;25189.812504030768;30639.25720921245;24106.646967726585;-187500.02235174447;
35627.31720534768;-187500.02235174447;35564.12882377253;49625.52185362839;60472.1752371997;48675.080975899815;40110.87597738218;40657.91257118137;49864.90903674472;66184.69997462035;-130405.41921918622;47203.0397895622;25191.533588353825;30732.687501035634;24114.358319563667;-187500.02235174447;
35609.391106294526;-187500.02235174447;35566.45340519588;49619.19630994753;60467.190798186166;48657.19958033557;40098.5154626984;40657.57729501454;49853.93433021717;66065.43106620683;-130522.11767698739;47181.31389395164;25185.7444865399;30673.522433462436;24092.185389064;-187500.02235174447;
35573.13657678802;-187500.02235174447;35579.73034140233;49620.87269078168;60470.945891254654;48660.82056293733;40101.44354122204;40659.7454142267;49858.0694029414;66203.38603298498;-130359.4193290972;47182.744405596786;25193.99228024391;30758.99550425953;24094.42056350953;-187500.02235174447;
35576.35522798958;-187500.02235174447;35561.2454487378;49618.861033780704;60463.323946395394;48655.992586134984;40082.42220669058;40655.27506533564;49851.38623134926;66051.64003987791;-130522.63176710985;47170.853277546565;25187.666736563056;30658.457357699557;24074.885138855596;-187500.02235174447;
35619.13646687704;-187500.02235174447;35558.205611491874;49628.9640222745;60469.82830403189;48661.021728637425;40111.30066052683;40657.42083280335;49851.67680402718;66201.01674807273;-130379.64765782925;47175.92712353791;25184.738658039412;30746.545582597922;24084.20581629346;-187500.02235174447;
35599.265766056276;-187500.02235174447;35569.49324244181;49627.86878679619;60475.61740584581;48669.493039785986;40114.87693963968;40662.852306705994;49859.05287969743;66129.51351756019;-130489.86410973837;47180.79980382917;25183.933995239022;30680.853805643776;24083.91524361554;-187500.02235174447;
35583.41837923746;-187500.02235174447;35578.769216390756;49630.215719964;60473.85161803384;48669.40363280817;40108.73020991447;40663.835783462026;49867.14421119025;66232.82328043263;-130427.0333560745;47186.56655389864;25190.66187032007;30714.69434674911;24095.269929798837;-187500.02235174447;
35582.52430945925;-187500.02235174447;35581.697294914404;49626.2147577065;60472.95754825563;48666.47555428452;40105.668020924095;40662.82995496153;49860.50574308703;66224.08374835059;-130494.73679002962;47177.46939390533;25190.147780197596;30685.011230112465;24085.681031427506;-187500.02235174447;
35604.80899868119;-187500.02235174447;35556.395120190995;49620.20213844802;60467.90605400873;48652.8856936557;40100.571823188286;40655.43152754683;49855.45424884013;66355.24378481433;-130432.17425729922;47178.78814682819;25182.727001038435;30727.36778585527;24088.25148203987;-187500.02235174447;
35581.16085304748;-187500.02235174447;35560.88782082651;49625.34303967274;60471.996423244054;48665.1344496172;40113.13350357217;40657.75610897018;49853.04026043895;66402.13774468157;-130473.99437117511;47179.97278928433;25180.715344037457;30700.590395997813;24082.864711626138;-187500.02235174447;
35593.14138807552;-187500.02235174447;35550.47190791034;49614.70360931201;60467.816647030915;48666.85553394027;40106.78560814686;40654.85038219099;49854.470772084096;66527.93336247603;-130430.1849520427;47189.516984166745;25178.54722482529;30736.688463293132;24093.705307686963;-187500.02235174447;
35562.65360863848;-187500.02235174447;35564.17352726144;49619.95626925901;60467.9731092421;48651.92456864412;40098.73898014295;40653.73279496823;49854.76134476201;66581.55519742431;-130455.8447546774;47182.00679802976;25186.616204573656;30707.07240188985;24085.85984538315;-187500.02235174447;
35576.89166985651;-187500.02235174447;35576.4446349674;49617.98931574694;60466.140266196766;48663.59217924979;40099.49893945443;40656.683225236324;49849.016946437;66669.62107057823;-130442.90309463778;47176.307103193656;25183.151684183085;30735.526172581456;24093.05710709776;-187500.02235174447;
35593.83429215363;-187500.02235174447;35562.60890514957;49628.44993215203;60475.39388840126;48668.53191477441;40122.65534671013;40657.599646758994;49857.667071541204;66767.72287699257;-130400.07715226141;47174.60837061505;25184.93982373951;30744.109242452294;24085.166941305037;-187500.02235174447;
35577.56222219017;-187500.02235174447;35560.6419516375;49617.13994945764;60463.748629540045;48660.50763851496;40108.97607910348;40656.705576980785;49852.77203950549;66777.04355443043;-130444.7359376831;47169.802745557165;25179.620108559146;30728.105393422295;24090.19608380748;-187500.02235174447;
35566.45340519588;-187500.02235174447;35577.718684401356;49623.64430709414;60469.2248069316;48665.42502229512;40115.83806465126;40660.23715260472;49845.999460935534;66882.14145685929;-130361.38628260927;47156.25758841725;25185.096285950698;30756.872088536275;24081.165979047535;-187500.02235174447;
35560.66430338196;-187500.02235174447;35566.49810868479;49620.403304148116;60462.18400742817;48651.76810643293;40109.40076224813;40656.45970779177;49850.38040284877;66851.25134602205;-130430.34141425388;47157.844562273574;25190.550111597793;30730.005291700996;24096.588682721696;-187500.02235174447;
35571.214326764864;-187500.02235174447;35563.63708539451;49618.168129702586;60463.63687081777;48668.82248745233;40117.44739025204;40649.3965565439;49841.663222511204;66971.0566963025;-130329.15506710472;47144.92525397841;25186.906777251577;30763.37644617277;24085.077534327214;-187500.02235174447;
35566.05107379569;-187500.02235174447;35573.36009423257;49620.62682159267;60469.73889705407;48671.6388072537;40121.62716646519;40663.478155550736;49852.973205205584;66884.80131444948;-130450.12270809684;47149.99909996976;25193.925225010542;30703.339660565816;24094.353508276166;-187500.02235174447;
35573.60596342158;-187500.02235174447;35559.390253948004;49623.10786522721;60461.35699288333;48658.25011232497;40119.88373039767;40649.3965565439;49849.64279528175;67010.37341479938;-130330.69733747213;47148.81445751363;25198.954367512986;30749.741882055034;24097.438049010998;-187500.02235174447;
35559.390253948004;-187500.02235174447;35568.37565521904;49620.44800763703;60462.34046963936;48651.54458898838;40110.428942493076;40656.057376391575;49839.696268999134;66943.04996050001;-130446.16644932824;47142.19834115486;25199.781382057834;30696.432971529124;24100.67905195702;-187500.02235174447;
35577.6963326569;-187500.02235174447;35571.10256804259;49624.49367338344;60466.00615573003;48662.563999004844;40121.470704253996;40655.163306613365;49845.03833592396;67140.9970093962;-130291.02299106396;47143.04770744416;25210.823143818754;30771.825405576874;24103.785944436306;-187500.02235174447;
35573.114225043566;-187500.02235174447;35554.718739356846;49616.22352793498;60462.698097550645;48660.08295537031;40119.83902690876;40654.58216125753;49843.07138241189;67061.13422645739;-130440.13147832532;47137.213902141324;25206.933940283532;30696.656488973676;24100.969624634938;-187500.02235174447;
35544.54869562968;-187500.02235174447;35575.90819310048;49616.02236223488;60460.462923105115;48662.94397866059;40115.72630592898;40652.83872519001;49838.176350376176;67263.03753412218;-130269.18533673113;47128.29555610366;25199.13318146863;30778.352114957826;24093.39238326459;-187500.02235174447;
35566.20753600688;-187500.02235174447;35544.928675285424;49608.020437719875;60451.946908467646;48640.614585949734;40106.40562849112;40647.72017570975;49831.09084738384;67188.00272798572;-130406.67091687572;47116.62794549799;25192.047678476298;30696.522378506947;24086.53039771681;-187500.02235174447;
35557.17743124693;-187500.02235174447;35571.482547698324;49611.306144154805;60457.71365853711;48664.463897283546;40117.11211408521;40648.74835595469;49831.023792150474;67391.80593392921;-130234.45072584758;47113.81162569662;25191.734754053923;30779.872033580785;24091.112505330148;-187500.02235174447;
35552.32710270013;-187500.02235174447;35550.62837012153;49614.793016289834;60452.77392301249;48654.83029542331;40111.85945413822;40650.42473678884;49837.4163910647;67287.64680476747;-130391.76230332402;47115.64446874195;25199.915492524564;30680.607936454766;24084.33992676019;-187500.02235174447;
35561.87129758255;-187500.02235174447;35555.635160879516;49608.89215575364;60453.77975151298;48644.883769140695;40114.38520126167;40643.071012863045;49828.38628630475;67455.06137073772;-130254.20966794607;47108.64837272744;25190.684222064523;30753.31816116788;24081.009516836348;-187500.02235174447;
35543.85579155157;-187500.02235174447;35558.339721958604;49613.273097666875;60455.72435328059;48655.72436520152;40112.28413728287;40648.27896932113;49832.633117751255;67374.99742209881;-130374.21618392662;47107.10610236003;25193.299376165793;30684.69830569009;24074.23693826639;-187500.02235174447;
35555.7916230907;-187500.02235174447;35547.49912589778;49603.34892312872;60444.660239775214;48639.58640570479;40107.143236058146;40635.940806381805;49826.37462930377;67502.02238583833;-130261.78690931642;47105.78734943716;25184.537492339314;30745.807975030897;24077.589699934688;-187500.02235174447;
35544.21341946285;-187500.02235174447;35543.945198529385;49599.079739937755;60443.56500429691;48647.00718486395;40114.072276839295;40638.42185001634;49825.52526301447;67445.13719619956;-130360.84984074235;47105.42972152588;25188.002012729885;30689.235709814515;24073.65579291055;-187500.02235174447;
35551.790660833205;-187500.02235174447;35558.004445791776;49607.036960963844;60451.47752183408;48653.757411689454;40120.33076528678;40648.63659723241;49828.11806537129;67586.8025525573;-130246.20774343106;47110.66002972842;25195.98158550043;30765.701027596122;24090.77722916332;-187500.02235174447;
35526.667300065434;-187500.02235174447;35559.144384759;49602.45485335051;60447.40950434322;48643.34149877328;40104.84100637925;40647.31784430955;49826.709905470605;67524.687054716;-130337.98400616457;47100.69115170135;25194.104038966187;30697.081172118327;24078.930804602005;-187500.02235174447;
35523.5827593306;-187500.02235174447;35561.916001071455;49599.839699249234;60442.93915545216;48640.18990280508;40107.18793954706;40645.32853905303;49822.97716414656;67594.98329102794;-130282.73049387104;47093.89622138694;25177.40728585807;30732.598094057812;24082.417676737034;-187500.02235174447;
35549.8907625545;-187500.02235174447;35541.866486295046;49608.60158307572;60451.07519043388;48658.317167558336;40113.82640765028;40648.25661757668;49826.44168453714;67587.27193919086;-130303.51761621448;47090.65521844092;25170.679410777022;30705.328965822337;24070.90652834255;-187500.02235174447;
35561.80424234918;-187500.02235174447;35551.27657071073;49605.96407722999;60449.17529215519;48654.24915006747;40110.138369815155;40652.81637344556;49834.08598114085;67617.49149769444;-130288.67605789615;47099.93119238987;25171.573480555235;30722.673919519657;24085.032830838303;-187500.02235174447;
35550.42720442143;-187500.02235174447;35562.11716677155;49604.891193496136;60447.476559576586;48657.5348565024;40111.65828843812;40650.91647516686;49825.88289092576;67623.0123785749;-130283.06577003787;47090.454052740824;25173.428675345025;30714.09084964882;24077.20972027895;-187500.02235174447;
35527.47196286583;-187500.02235174447;35554.20464923437;49612.17786218857;60450.87402473379;48647.76714417543;40108.93137561457;40658.56077177057;49828.788617704944;67588.0542502468;-130297.90732835619;47095.93023013237;25173.22750964493;30714.001442670997;24091.917168130538;-187500.02235174447;
35541.75472757277;-187500.02235174447;35562.58655340511;49611.68612381055;60454.85263524683;48654.51737100093;40111.03243959337;40659.499545037695;49826.26287058149;67606.4050324446;-130243.6372928187;47093.58329696456;25175.59679455719;30726.429012588145;24082.35062150367;-187500.02235174447;
35561.17839350443;-187500.02235174447;35554.24935272329;49612.714304055495;60457.84776900384;48658.67479546962;40109.19959654804;40664.036949162124;49833.8624636963;67538.47808104493;-130277.43313043514;47098.1654045779;25179.351887625682;30716.25896886098;24092.00657510836;-187500.02235174447;
35536.59147460359;-187500.02235174447;35572.71189364337;49612.89311801113;60455.34437362485;48660.06060362585;40106.3162215133;40657.75610897018;49829.079190382865;67554.63839228611;-130196.31864980682;47090.5658114631;25185.07393420624;30731.972245213063;24081.94829010347;-187500.02235174447;
35538.714890326846;-187500.02235174447;35551.12010849954;49606.63462956365;60445.88958572026;48646.984833119495;40093.6651341516;40655.453879291286;49826.687553726144;67409.75438472681;-130292.96759283157;47087.19069805035;25189.7454487974;30686.464093502058;24086.86567388364;-187500.02235174447;
35542.9393700289;-187500.02235174447;35569.71675988636;49613.58602208925;60451.74574276755;48654.472667512026;40109.22194829249;40655.20801010227;49822.507777513005;67446.1653764445;-130181.99118161097;47078.80879387961;25189.097248208196;30729.066518433872;24076.270947011824;-187500.02235174447;
35558.786756847716;-187500.02235174447;35557.22213473584;49614.72596105647;60454.40560035773;48640.547530716365;40107.210291291514;40663.88048695093;49829.41446654969;67272.33585981559;-130306.7586191605;47084.37437824898;25189.03019297483;30670.97433459453;24086.19512154998;-187500.02235174447;
35522.420468618926;-187500.02235174447;35567.50393718528;49616.067065723786;60454.58441431337;48663.36866180524;40113.75935241692;40655.31976882455;49830.35323981682;67310.66910155644;-130167.28373375938;47080.865154369494;25189.18665518602;30737.493126093523;24088.162075062046;-187500.02235174447;
35536.345605414586;-187500.02235174447;35548.86258230956;49602.700722539514;60444.43672233066;48650.80698142135;40099.74480864344;40650.961178655765;49825.10057986982;67073.47238939672;-130305.17164530417;47070.89627634243;25180.022439959343;30669.320305504836;24081.501255214367;-187500.02235174447;
35529.79654428918;-187500.02235174447;35562.966533060855;49607.81927201978;60446.068399675896;48652.10338259976;40108.28317502537;40648.36837629895;49821.52430075697;67075.84167430898;-130162.81338486832;47067.230590251755;25179.240128903406;30732.5533905689;24081.501255214367;-187500.02235174447;
35540.592436861094;-187500.02235174447;35566.05107379569;49609.65211506512;60449.421161344195;48649.644690709676;40110.74186691545;40655.61034150247;49828.72156247158;66795.57315058389;-130337.46991604209;47069.42106120838;25184.425733617038;30642.185287736094;24089.681993685008;-187500.02235174447;
35543.56521887365;-187500.02235174447;35557.736224858316;49612.15551044411;60447.253042132026;48657.37839429121;40115.525140228885;40649.41890828835;49833.37072531828;66841.10365403934;-130164.84739361375;47073.69024439934;25188.024364474342;30740.622370317265;24096.92395888853;-187500.02235174447;
35516.609015060545;-187500.02235174447;35562.56420166066;49617.251708179916;60447.85653923232;48657.69131871359;40115.72630592898;40656.03502464712;49833.281318340465;66598.63193018817;-130313.84412215283;47070.27042749768;25191.42182963155;30664.827604869322;24090.15138031857;-187500.02235174447;
35538.290207182195;-187500.02235174447;35561.80424234918;49615.9106035126;60446.44837933164;48655.858475668254;40112.46295123851;40648.435431532314;49831.49317878404;66613.18291582858;-130189.8813474037;47068.81756410808;25195.199274444494;30732.531038824447;24096.85690365516;-187500.02235174447;
35538.22315194883;-187500.02235174447;35554.025835278735;49609.495652853926;60444.459074075115;48649.7340976875;40109.69133492605;40647.34019605401;49827.44751303763;66389.73252650887;-130340.68856724365;47060.92739831536;25195.780419800332;30653.11529077474;24086.329232016713;-187500.02235174447;
35537.574951359624;-187500.02235174447;35570.47671919784;49610.054446465314;60447.23069038757;48666.7884787069;40118.09559084125;40643.830972174525;49832.67782124017;66477.08314384021;-130192.74237069397;47063.56490416109;25197.59091110121;30740.220038917072;24094.845246654186;-187500.02235174447;
35537.55259961517;-187500.02235174447;35560.41843419295;49614.39068488964;60439.72050425059;48634.3784492467;40107.277346524876;40636.74546918219;49825.167635103186;66333.94257234843;-130312.12303782978;47054.06541276758;25199.066126235262;30669.00738108246;24080.49542671388;-187500.02235174447;
35536.50206762577;-187500.02235174447;35546.44859390838;49604.22064116247;60432.1656146247;48632.14327480117;40101.51059645541;40628.5423789671;49815.08699835384;66403.00946271533;-130216.54697853887;47043.31422368458;25191.399477887095;30719.567027040368;24083.557615704252;-187500.02235174447;
35511.5351690692;-187500.02235174447;35557.40094869148;49604.19828941802;60436.52420479348;48654.450315767564;40106.293869768844;40632.74450692469;49816.785730932446;66325.58301992214;-130291.02299106396;47039.71559282728;25195.17692270004;30676.964602108554;24082.372973248122;-187500.02235174447;
35521.90637849645;-187500.02235174447;35558.0938527696;49604.19828941802;60438.20058562763;48653.3327285448;40110.25012853743;40635.583178470515;49824.58648974735;66416.68873032197;-130219.43035357361;47043.98477601824;25195.914530267066;30723.165657897673;24091.850112897173;-187500.02235174447;
35519.58179707311;-187500.02235174447;35556.79745159119;49607.5063475974;60435.071341403884;48634.62431843571;40104.93041335707;40635.583178470515;49822.39601879073;66417.78396580029;-130269.14063324222;47036.36283115898;25200.966024513964;30692.946099394096;24082.372973248122;-187500.02235174447;
35528.634253577504;-187500.02235174447;35555.29988471269;49602.90188823961;60437.50768154951;48645.28610054089;40104.639840679156;40634.57734997003;49820.965507145585;66516.6010280372;-130211.65194650316;47035.26759568067;25197.143876212107;30732.88866673573;24088.698516928973;-187500.02235174447;
35520.14059068449;-187500.02235174447;35549.80135557668;49607.86397550869;60434.601954770325;48624.45427470854;40096.05677080832;40629.90583537887;49817.16571058818;66521.02667343935;-130247.3923858872;47026.483360109734;25200.45193439149;30696.41061978467;24079.310784257745;-187500.02235174447;
35526.57789308762;-187500.02235174447;35554.450518423386;49601.27021089438;60437.23946061605;48648.527103486915;40097.68844815355;40636.43254475982;49816.11517859879;66570.9604705525;-130241.35741488427;47023.912909497376;25200.362527413672;30710.73808798052;24085.524569216323;-187500.02235174447;
35528.634253577504;-187500.02235174447;35563.391216205506;49600.08556843824;60438.40175132773;48660.99937689297;40104.12575055668;40634.01855635864;49823.67006822468;66640.80967197534;-130216.09994364977;47022.415342618864;25202.75416407039;30714.98491942703;24080.33896450269;-187500.02235174447;
35532.50110536827;-187500.02235174447;35540.27951243872;49600.57730681626;60433.19379486964;48645.06258309634;40093.32985798477;40631.22458830173;49823.60301299131;66644.25184062145;-130258.05416799238;47019.21904316176;25199.93784426902;30700.25511983098;24084.33992676019;-187500.02235174447;
35518.9335964839;-187500.02235174447;35557.40094869148;49601.11374868319;60428.14230062274;48620.58742291778;40091.11703528369;40625.99428009919;49813.43296926415;66711.03885305392;-130202.46537953203;47007.97611570074;25190.997146486898;30715.65547176069;24071.37591497611;-187500.02235174447;
35500.336945097086;-187500.02235174447;35561.781890604725;49601.58313531675;60429.550460523424;48617.03349554938;40088.83715734925;40631.80573365757;49810.840166907336;66620.223715332;-130275.30971471188;47010.85949073547;25192.98645174342;30685.100637090283;24074.125179544113;-187500.02235174447;
35524.163904686444;-187500.02235174447;35552.90824805597;49594.43057709105;60430.556289023916;48645.1296383297;40092.99458181794;40625.56959695454;49809.27554479546;66650.75619825795;-130177.18555655309;47012.46881633626;25189.946614497498;30726.853695732796;24066.123255029113;-187500.02235174447;
35542.38057641752;-187500.02235174447;35540.1901054609;49595.2575916359;60430.28806809045;48637.66415568163;40088.30071548232;40631.31399527955;49814.08116985335;66520.89256297261;-130258.90353428168;47018.68260129483;25187.957309240977;30693.013154627464;24072.582909176697;-187500.02235174447;
35507.377744600504;-187500.02235174447;35559.32319871464;49604.84649000722;60436.971239682585;48641.08397258329;40095.92266034158;40630.15170456788;49812.62830646376;66558.0635140018;-130166.45671921453;47020.71661004026;25191.08655346472;30721.399870085705;24073.409923721545;-187500.02235174447;
35519.17946567291;-187500.02235174447;35555.769271346246;49602.81248126179;60439.25111761703;48637.03830683688;40087.54075617084;40634.97968137022;49820.00438213401;66431.79850957377;-130297.08031381136;47029.567900844566;25194.148742455094;30660.290200744894;24085.457513982954;-187500.02235174447;
35557.020969035744;-187500.02235174447;35548.41554742045;49604.62297256267;60440.189890884154;48628.25407126595;40093.508671940406;40625.81546614355;49814.885832653745;66580.97405206849;-130144.95434104853;47026.25984266518;25188.069067963253;30732.776908013453;24081.09892381417;-187500.02235174447;
35529.41656463344;-187500.02235174447;35550.114279999056;49603.17010917308;60436.904184449224;48639.47464698251;40094.82742486327;40627.91653012235;49814.684666953646;66460.76637038784;-130300.96951734657;47024.71757229776;25191.42182963155;30652.064758785342;24075.890967356085;-187500.02235174447;
35503.28737536519;-187500.02235174447;35570.34260873111;49610.613240076695;60446.73895200956;48659.32299605882;40110.5183494709;40628.341213267;49818.931498400154;66631.7795672154;-130142.33918694725;47029.5008456112;25189.723097052945;30732.665149291177;24080.115447058135;-187500.02235174447;
35519.134762183996;-187500.02235174447;35568.33095173013;49607.28283015285;60443.85557697482;48653.891522156184;40109.0654860813;40629.97289061223;49825.927594414665;66515.39403383661;-130308.56911046138;47028.87499676645;25195.691012822514;30643.72755810351;24081.05422032526;-187500.02235174447;
35547.70029159788;-187500.02235174447;35560.93252431542;49604.13123418466;60440.681629262166;48644.07910634031;40104.08104706777;40620.18282654081;49825.59231824784;66699.10302151478;-130150.966960307;47029.18792118882;25195.55690235578;30726.80899224389;24087.580929706208;-187500.02235174447;
35531.60703559006;-187500.02235174447;35565.961666817864;49612.89311801113;60446.33662060936;48642.29096678388;40106.24916627994;40628.9894138562;49821.457245523605;66609.85250590474;-130296.23094752205;47024.516406597664;25198.105001223685;30652.668255885634;24086.396287250078;-187500.02235174447;
35542.22411420633;-187500.02235174447;35554.584628890116;49604.84649000722;60441.307478106915;48650.85168491026;40110.5183494709;40618.0370590731;49829.012135149496;66781.29038587694;-130150.18464925107;47029.16556944437;25203.111791981675;30730.385271356736;24097.929787389017;-187500.02235174447;
35524.27566340872;-187500.02235174447;35535.339776914094;49595.88344048065;60431.3609518243;48638.42411499311;40098.046076064835;40610.2363002582;49816.785730932446;66701.02527153793;-130284.38452296074;47012.49116808071;25196.138047711618;30655.08224428681;24087.513874472843;-187500.02235174447;
35521.25817790725;-187500.02235174447;35550.67307361044;49593.58121080175;60432.14326288024;48634.7807806469;40093.97805857397;40607.41998045683;49811.55542272991;66881.06857312543;-130134.38196592117;47005.00333368818;25186.07976270673;30737.671940049167;24084.63049943811;-187500.02235174447;
35508.383573101;-187500.02235174447;35560.66430338196;49601.96311497249;60440.05578041742;48642.40272550616;40105.98094534647;40620.78632364111;49817.36687628828;66824.65277012024;-130241.24565616199;47001.4941098087;25199.08847797972;30671.153148550173;24076.56151968974;-187500.02235174447;
35539.02781474922;-187500.02235174447;35553.02000677824;49599.52677482686;60435.853652459824;48633.14910330166;40098.62722142068;40614.61724217144;49823.08892286884;66974.76708588208;-130130.13513447467;47000.0412464191;25199.624919846647;30740.309445894894;24088.162075062046;-187500.02235174447;
35537.4855443818;-187500.02235174447;35555.16577424595;49605.62880106316;60438.24528911654;48637.10536207025;40099.253070265426;40617.94765209528;49816.76337918799;66962.8089025985;-130197.81621668533;46989.24535384719;25204.072916993253;30691.984974382518;24078.170845290526;-187500.02235174447;
35517.033698205196;-187500.02235174447;35558.27266672524;49605.87467025217;60441.26277461801;48644.392030762676;40103.65636392312;40621.27806201912;49819.780864689455;67081.98840403419;-130127.43057339557;46989.848850947485;25200.407230902583;30732.866314991275;24089.838455896195;-187500.02235174447;
35505.924881210914;-187500.02235174447;35560.82076559315;49604.935896985044;60438.021771671985;48643.47560924001;40103.49990171193;40621.14395155239;49825.726428714566;67092.20315125027;-130165.89792560315;46990.698217236786;25206.956292027986;30700.478637275537;24083.222339537424;-187500.02235174447;
35510.14936091296;-187500.02235174447;35551.18716373291;49588.9543996995;60425.61655349929;48630.91392885613;40096.6155644197;40610.32570723602;49814.729370442554;67167.39441959791;-130134.80664906582;46981.15402235437;25200.02725124684;30725.289073620927;24084.20581629346;-187500.02235174447;
35539.31838742714;-187500.02235174447;35555.23282947932;49596.7551585144;60431.42800705767;48642.20155980606;40104.93041335707;40615.310146249554;49815.66814370968;67212.58964688655;-130124.48014312747;46975.61078972946;25203.044736748307;30715.342547338314;24073.47697895491;-187500.02235174447;
35532.769326301735;-187500.02235174447;35545.487468896805;49595.88344048065;60431.7632832245;48636.61362369223;40104.68454416806;40621.07689631902;49819.17736758916;67257.76252243073;-130114.53361684486;46982.91981016634;25200.51898962486;30727.948931211107;24080.942461602983;-187500.02235174447;
35505.276680621704;-187500.02235174447;35551.81301257766;49603.907716740105;60441.665106018205;48650.00231862096;40103.63401217866;40627.04481208859;49820.98785889005;67324.30366567418;-130077.16150011559;46982.361016554954;25200.720155324958;30727.345434110815;24074.840435366685;-187500.02235174447;
35515.62553830451;-187500.02235174447;35561.357207460074;49602.656019050606;60440.50281530653;48633.01499283493;40100.97415458848;40631.537512724106;49823.67006822468;67292.60889203654;-130137.69002410055;46988.306580580065;25202.84357104821;30704.61370999977;24088.96673786244;-187500.02235174447;
35544.235771207306;-187500.02235174447;35566.52046042925;49606.34405688573;60443.833225230366;48642.42507725061;40109.75839015942;40631.76103016866;49820.76434144549;67352.80213985468;-130073.94284891401;46989.26770559165;25205.950463527497;30731.03347194594;24085.05518258276;-187500.02235174447;
35539.36309091605;-187500.02235174447;35552.64002712251;49606.88049875266;60447.09657992084;48648.63886220919;40109.17724480358;40640.9923006287;49830.86732993929;67237.08715880956;-130177.65494318664;46999.862432463466;25204.78817281582;30688.565157480858;24096.499275743878;-187500.02235174447;
35515.80435226016;-187500.02235174447;35565.00054180629;49611.931992999554;60445.509606064516;48657.78072569141;40115.59219546225;40634.15266682538;49828.587452004846;67302.86834274154;-130074.63575299214;46999.30363885208;25201.27894893634;30732.50868707999;24088.92203437353;-187500.02235174447;
35529.70713731136;-187500.02235174447;35556.59628589109;49601.33726612774;60439.698152506135;48648.527103486915;40105.35509650172;40632.655099946875;49830.129722372265;67183.46532386128;-130189.72488519251;47000.622391774945;25197.27798667884;30679.11036957626;24089.39142100709;-187500.02235174447;
35527.40490763246;-187500.02235174447;35557.445652180395;49605.025303962866;60437.15005363823;48636.90419637015;40099.18601503206;40622.46270447525;49821.457245523605;67286.59627277807;-130061.13529934113;46996.420263817345;25195.51219886687;30735.056785947894;24085.301051771767;-187500.02235174447;
35524.76740178673;-187500.02235174447;35550.53896314371;49597.31395212578;60430.57864076837;48625.21423402002;40091.3629044727;40621.546282952586;49812.18127157465;67156.82204447057;-130202.95711791005;46987.97130441324;25192.204140687485;30666.079302558817;24080.42837148051;-187500.02235174447;
35506.617785289025;-187500.02235174447;35550.33779744361;49601.27021089438;60430.265716345995;48640.413420249635;40094.35803822971;40611.62210841443;49811.108387840795;67284.96459543283;-130055.52501148285;46990.139423625405;25189.879559264133;30737.359015626793;24078.126141801615;-187500.02235174447;
35527.874294266025;-187500.02235174447;35543.386404918005;49597.269248636876;60431.182137868665;48623.850777608255;40090.73705562795;40615.868939860935;49810.9072221407;67151.01059091218;-130197.86092017424;46991.324066081535;25188.337288896717;30666.392226981192;24074.393400477577;-187500.02235174447;
35537.530247870716;-187500.02235174447;35548.41554742045;49596.44223409203;60430.824509957376;48629.081085810794;40095.945012086035;40612.04679155908;49812.67300995267;67309.4397556114;-130035.45314496198;46992.12872888193;25195.668661078056;30748.892515765732;24082.440028481487;-187500.02235174447;
35511.60222430256;-187500.02235174447;35540.659492094455;49596.79986200331;60427.38234131126;48633.37262074621;40090.33472422776;40613.67846890431;49807.77797791696;67174.23405340125;-130203.8288359438;46986.38433055691;25199.08847797972;30654.657561142158;24078.61788017963;-187500.02235174447;
35497.63238401799;-187500.02235174447;35562.56420166066;49599.52677482686;60435.63013501527;48641.97804236151;40106.22681453548;40613.94668983778;49811.42131226317;67352.89154683251;-130032.27919724933;46989.15594686937;25201.591873358713;30746.50087910901;24089.05614484026;-187500.02235174447;
35510.059953935146;-187500.02235174447;35562.43009119393;49604.53356558485;60438.96054493911;48640.681641183095;40109.40076224813;40621.43452423031;49820.85374842331;67247.63718219247;-130184.31576303432;46994.78858647211;25211.314882196773;30661.676008901122;24097.05806935526;-187500.02235174447;
35534.021023991234;-187500.02235174447;35559.09968127009;49614.36833314518;60445.643716531245;48641.77687666141;40111.3677157602;40620.696916663284;49829.30270782742;67438.38696937406;-130037.71067115196;46994.63212426092;25214.89116130962;30745.293884908428;24108.748031705385;-187500.02235174447;
35548.32614044263;-187500.02235174447;35532.99284374629;49606.545222585824;60440.59222228435;48632.25503352345;40104.57278544579;40612.449122959275;49825.659373481205;67382.37349776906;-130157.38191096568;46979.03060663112;25208.99030077342;30682.060799844363;24098.53328448931;-187500.02235174447;
35504.941404454876;-187500.02235174447;35555.501050412786;49607.23812666394;60436.68066700467;48639.04996383786;40095.49797719693;40609.67750664682;49821.27843156796;67561.65684004508;-130020.47747617692;46964.99371111318;25200.630748347136;30759.353132170814;24096.29811004378;-187500.02235174447;
35505.45549457735;-187500.02235174447;35557.445652180395;49611.172033688075;60436.278335604475;48637.86532138173;40095.185052774556;40614.192559026786;49814.86348090929;67504.45872598395;-130130.17983796357;46951.20268478426;25211.113716496675;30676.65167768618;24082.551787203764;-187500.02235174447;
35514.01621270373;-187500.02235174447;35557.579762647125;49598.83387074875;60426.37651281077;48621.79441711836;40087.96543931549;40604.62601239992;49812.89652739722;67654.70715221252;-130026.62420590213;46953.214341785235;25215.159382243084;30742.254047662504;24094.4876187429;-187500.02235174447;
35507.22128238932;-187500.02235174447;35551.96947478884;49593.17887940155;60425.59420175484;48625.54951018686;40091.273497494876;40602.77081761012;49806.68274243865;67667.62646050769;-130070.63479073464;46943.021946313616;25216.74635609941;30708.614672257267;24083.602319193164;-187500.02235174447;
35502.66152652044;-187500.02235174447;35537.93257927091;49595.59286780273;60424.96835291009;48622.33085898529;40084.45621543601;40596.24410822918;49805.49809998251;67794.003223658;-129988.80505428376;46947.7828678826;25212.27600720835;30751.37355940027;24093.68295594251;-187500.02235174447;
35493.4302560604;-187500.02235174447;35531.62938733451;49599.370312615676;60421.23561158605;48624.476626453004;40085.685561381055;40587.79514882507;49802.41355924768;67797.5571510264;-130033.66500540555;46941.92671083531;25210.465515907472;30699.249291330492;24078.57317669072;-187500.02235174447;
35501.47688406431;-187500.02235174447;35545.10748924106;49594.47528057996;60422.04027438644;48632.18797829008;40090.155910272115;40595.90883206235;49804.67108543767;67837.14209045673;-130033.30737749427;46945.72650739271;25210.13023974064;30703.250253587994;24088.586758206697;-187500.02235174447;
35517.033698205196;-187500.02235174447;35536.70323332587;49586.09337640922;60418.9110301627;48612.69725712505;40084.635029391655;40590.11973024842;49802.458262736596;67898.96701562012;-130007.9381475375;46939.75859162314;25212.208951974982;30706.6477187452;24079.891929613583;-187500.02235174447;
35484.35544781154;-187500.02235174447;35541.82178280613;49588.015626432374;60417.94990515112;48617.50288218295;40079.20355548901;40594.36656169493;49798.23378303454;67896.19539930766;-130053.98274111543;46935.82468459901;25209.37028042916;30682.463131244556;24077.00855457885;-187500.02235174447;
35486.68002923489;-187500.02235174447;35548.25908520926;49593.983542201946;60418.82162318488;48625.19188227557;40075.29200020934;40590.298544204066;49795.797442888914;67966.6480978308;-130009.72628709392;46931.197873496756;25212.946559542008;30694.778942439432;24064.29041198378;-187500.02235174447;
35486.94825016835;-187500.02235174447;35532.56816060164;49588.41795783257;60417.48051851756;48608.740998356465;40068.832346061754;40592.26549771613;49796.66916092267;67951.89594649029;-130063.83986042022;46927.576890895;25206.50925713888;30683.737180678512;24070.347734731167;-187500.02235174447;
35525.75087854277;-187500.02235174447;35520.6323290625;49584.43934731953;60416.497041761526;48625.50480669794;40076.76721534338;40586.27523020211;49793.003474831996;68060.90540419881;-129976.28807738879;46920.24551871366;25199.311995424272;30720.5505037964;24062.94930731646;-187500.02235174447;
35491.731523481794;-187500.02235174447;35534.40100364697;49589.31202761079;60421.54853600843;48622.86730085222;40073.01212227489;40599.03807628609;49799.776053401954;68009.31757799597;-130062.67756970854;46927.39807693936;25193.45583837698;30683.759532422966;24069.85599635315;-187500.02235174447;
35490.56923277012;-187500.02235174447;35547.94616078689;49590.34020785573;60421.12385286378;48616.45235019355;40071.1569274851;40595.662962873335;49802.32415226986;68148.81481514154;-129933.0151001233;46932.65073688635;25191.8465127762;30741.069405206374;24066.52558642931;-187500.02235174447;
35485.6742007344;-187500.02235174447;35526.622596576526;49585.60163803121;60411.110271347796;48614.06071353683;40064.987846015436;40591.01380002663;49797.898506867714;68077.11041892892;-130062.54345924182;46930.147341507356;25190.304242408783;30675.64584918569;24067.062028296237;-187500.02235174447;
35476.86761341901;-187500.02235174447;35521.727564540815;49574.62693150365;60411.35614053681;48630.91392885613;40065.345473926725;40580.217907454724;49796.71386441158;68268.28488925516;-129914.4631522254;46928.00157403965;25183.866940005653;30738.09662319382;24062.748141616365;-187500.02235174447;
35504.60612828805;-187500.02235174447;35531.160000700955;49580.61719901767;60417.59227723983;48625.08012355329;40068.02768326136;40593.98658203919;49800.692474924625;68212.36082462798;-130040.43758397551;46929.90147231835;25185.94565224;30669.320305504836;24069.4313132085;-187500.02235174447;
35475.41475002942;-187500.02235174447;35530.26593092274;49590.94370495602;60417.189945839644;48612.38433270268;40061.16569771358;40589.248012214666;49802.659428436695;68382.50230342177;-129906.79650387724;46934.14830376486;25190.572463342247;30725.043204431917;24080.942461602983;-187500.02235174447;
35497.99001192928;-187500.02235174447;35519.17946567291;49579.499611794905;60407.35517827931;48596.648704606145;40048.8051830298;40587.057541258044;49791.72942539804;68304.74058446176;-130038.4929822079;46922.726562348194;25181.7435242824;30657.093901287786;24073.611089421644;-187500.02235174447;
