Año;Mes;Dia; Hora
2020;10;12;15-07-48
CH1 ;CH2 ;CH3 ;CH4 ;CH5 ;CH6 ;CH7 ;CH8 ;CH9 ;CH10 ;CH11 ;CH12 ;CH13 ;CH14 ;CH15 ;CH16 ;
23119.72804304696;52955.86472223577;-44258.1974575755;-32623.578026721243;543.5497216641571;-20157.719571318576;-44633.416191746735;-45116.45974117038;-39865.85615466311;120970.56907064546;-32140.10979415295;-31097.669136246343;-30740.33179763935;58525.20418467572;-45605.7617790415;-38834.70312770642;
23151.512223662405;52994.577943632365;-44227.50851243836;-32588.195215248492;418.3576009699823;-20125.823631980853;-44599.62035413031;-45113.37520043555;-39826.85236058859;120965.53992814303;-32194.491588412715;-31065.32616201951;-30704.948986166597;58521.82907126297;-45566.33330182234;-38792.77125510827;
23134.34608392073;52989.43704240764;-44246.820419647745;-32611.17280854855;565.812059141643;-20145.001428723506;-44627.045944576974;-45110.02243876725;-39850.299340522215;120962.18716647473;-32154.638428048904;-31080.793569182584;-30730.6534922902;58520.35385612892;-45592.21662190159;-38815.45827573041;
23153.948563808033;52983.98321676055;-44219.81951234573;-32584.73069485792;428.1029615524962;-20126.449480825602;-44593.18305172719;-45116.45974117038;-39824.30426172069;120957.53800362803;-32173.503300369182;-31060.297019517067;-30700.03160238643;58517.49283283864;-45562.242932587025;-38783.80820558169;
23116.218819167476;52955.976480958045;-44251.42487900554;-32620.180561564037;570.3494632660703;-20161.675830087166;-44639.49586623858;-45116.99618303731;-39852.57921845665;120955.07931173794;-32166.328390399027;-31080.011258126648;-30723.769154997965;58517.604591560914;-45587.45570033261;-38813.84895012963;
23159.268278988395;52992.70039709812;-44211.01292503034;-32586.697648369987;435.68020292284524;-20140.97811472155;-44600.51442390853;-45117.823197582155;-39839.14582003901;120952.26299193657;-32155.197221660284;-31071.763464422642;-30706.31244257837;58517.53753632755;-45572.94941818112;-38795.565223165184;
23117.850496512714;52976.607141090295;-44258.73389944243;-32622.840419154218;577.7925941696876;-20162.905176032207;-44641.26165405055;-45105.730903831834;-39854.72498592437;120944.12695695485;-32172.676285824335;-31083.140502350394;-30722.629216030746;58513.134242669854;-45589.288543377945;-38818.27459553177;
23151.57927889577;52994.82381282137;-44227.08382929371;-32596.46536069696;450.94644438582;-20150.499957859513;-44608.06931353442;-45112.235261468326;-39855.48494523585;120941.95883774267;-32133.873657449923;-31080.123016848927;-30728.194800400117;58513.38011185886;-45586.44987183212;-38806.003487825816;
23115.43650811154;52977.657673079695;-44264.18772508952;-32623.086288343227;572.0481958446736;-20174.595138382334;-44651.29758731098;-45103.24986019729;-39858.6588929485;120935.63329406183;-32188.255451709683;-31080.05596161556;-30729.04416668942;58510.67555077977;-45587.612162543795;-38811.97140359538;
23164.29742149084;53000.14352800173;-44218.54546291178;-32586.138854758607;468.9395986723422;-20149.069446214373;-44605.00712454404;-45111.78822657922;-39864.135070340046;120937.06380570696;-32121.513142766136;-31090.96361290975;-30731.771079512964;58513.5142223256;-45594.3623893693;-38818.721630420885;
23127.841726284234;52990.7557953305;-44254.73293718493;-32609.049392825294;568.7177859208329;-20160.26767018648;-44639.31705228294;-45099.33830491761;-39847.013634087285;120928.63719804732;-32197.017335536166;-31071.271726044626;-30718.158867139682;58508.97681820117;-45576.16806938268;-38805.89172910353;
23169.661840160115;53013.040484552446;-44215.013887287845;-32587.569366403746;486.01633143619677;-20150.388199137236;-44596.379351184296;-45104.479206142336;-39859.91059063799;120928.1454596693;-32113.041831617575;-31082.358191294457;-30729.69236727862;58510.67555077977;-45586.896906721224;-38814.69831641893;
23138.525860133872;52994.60029537682;-44248.31798652625;-32607.998860835894;547.7518496217549;-20148.153024691706;-44629.10230506687;-45095.58321184912;-39843.571465441164;120916.50020080808;-32215.681042156346;-31064.253278285658;-30714.180256626638;58503.25477162061;-45568.83669720134;-38798.023915055266;
23175.67445941859;53017.80140612143;-44210.56589014124;-32588.6422501376;496.9016309859313;-20137.17831816415;-44592.803072071445;-45120.50540691679;-39858.480078992856;120917.97541594213;-32105.82221815851;-31075.652667957864;-30725.154963154193;58506.47342282217;-45581.42072932968;-38809.132732049555;
23139.95637177901;53006.58083040486;-44248.51915222635;-32609.809352136774;517.621698096001;-20148.398893880712;-44629.77285740052;-45093.772720548244;-39841.8056776292;120907.51479953705;-32226.09695507252;-31057.972438093715;-30708.905244935188;58500.281989608055;-45563.96401691008;-38785.86456607158;
23167.11374129221;53015.1639002757;-44222.05468679126;-32597.73941013091;496.05226469662966;-20158.121902718773;-44599.82151983041;-45118.62786038254;-39875.64621873453;120912.36512808385;-32116.528703752603;-31087.655554730365;-30740.711777295088;58506.33931235544;-45596.97754347057;-38821.91792987799;
23154.127377763674;53015.610935164805;-44245.23344579142;-32603.17088403355;483.17765989037275;-20148.3541903918;-44621.480360207606;-45095.15852870447;-39843.370299741066;120902.84328494589;-32242.48078375826;-31056.810147382042;-30711.252178102994;58500.974893686165;-45560.4547930306;-38782.087121258635;
23162.82220635679;53013.934554330655;-44228.87196885014;-32608.378840491634;500.18733742086147;-20157.786626551944;-44616.67473514971;-45099.76298806226;-39876.00384664581;120905.30197683597;-32126.050546890565;-31087.633202985908;-30742.70108255161;58504.79704198802;-45593.51302308;-38819.749810665824;
23152.182775996065;53005.79851934892;-44239.60080618868;-32608.423543980545;453.1816188313507;-20146.11901594627;-44620.04984856246;-45094.465624626355;-39845.44901197541;120892.27090981853;-32253.544897263637;-31063.85094688546;-30713.66616650417;58494.962274427686;-45563.002891898504;-38789.01616203978;
23165.236194757963;53007.47490018307;-44229.36370722815;-32610.59166319271;506.0881979570625;-20155.37263815077;-44613.74665662607;-45094.48797637081;-39877.076730379675;120895.60131974237;-32139.6851110083;-31088.72843846422;-30746.07619596436;58500.01376867459;-45595.18940391415;-38820.9121013775;
23160.363514466706;53015.72269388708;-44231.84475086269;-32600.823950865743;426.9183190963649;-20139.99463796552;-44617.52410143901;-45093.012761236765;-39842.43152647395;120886.77238068252;-32254.081339130564;-31064.09681607447;-30709.955776924584;58493.643521504826;-45563.49463027652;-38787.317429461174;
23156.317848720297;53006.603182149316;-44231.80004737378;-32612.245692282402;515.00654399473;-20157.18312945165;-44616.1829967717;-45094.264458926256;-39878.61900074709;120889.90162490627;-32150.61511404695;-31095.903348434374;-30744.019835474475;58497.66683550678;-45601.76081678401;-38826.09770609113;
23168.67836340408;53030.296031271944;-44221.56294841325;-32594.20783450697;407.4052461868818;-20138.07238794236;-44608.8292728459;-45094.66679032645;-39838.81054387218;120879.95509862366;-32239.105670345507;-31063.47096722972;-30706.915939678664;58490.29075983653;-45563.069947131866;-38782.44474916992;
23154.68617137506;52999.182402990155;-44229.408410717064;-32608.98233759193;515.2300614392831;-20160.7594085645;-44626.9341858547;-45100.12061597355;-39876.67439897948;120882.30203179146;-32154.437262348805;-31100.194883369793;-30738.409547616193;58493.44235580473;-45600.37500862778;-38823.37079326758;
23171.740552394458;53016.43794970965;-44208.710695351445;-32587.725828614934;380.76196679615583;-20147.03543746894;-44605.16358675523;-45096.298467671695;-39840.03988981723;120874.76949391002;-32227.259245784197;-31070.42235975532;-30705.17250361115;58487.92147492427;-45564.94749366611;-38781.12599624706;
23151.64633412914;52996.54489714443;-44231.75534388487;-32613.67620392754;507.71987530229995;-20166.392048167236;-44622.35207824136;-45098.13131071703;-39871.77936694377;120873.60720319835;-32165.9931142322;-31096.640956001396;-30732.37457661326;58489.32963482495;-45598.20688941561;-38820.75563916632;
23173.8192646288;53018.3154962439;-44210.252965718864;-32590.02805829383;360.24306538618396;-20144.375579878757;-44603.19663324316;-45096.723150816346;-39842.677395662955;120870.09797931886;-32198.51490241467;-31072.4340167563;-30704.569006510857;58487.78736445754;-45568.099089634314;-38780.29898170221;
23145.276086959373;52992.052196508914;-44241.81362888976;-32614.5479219613;489.3020378711269;-20170.70593484711;-44630.37635450082;-45097.01372349426;-39875.0650733787;120867.50517696205;-32169.100006711487;-31099.121999635936;-30734.56504756988;58487.47444003516;-45600.50911909451;-38815.435923985955;
23180.68125017658;53020.03658056696;-44204.15093948256;-32587.41290419256;326.983669636687;-20145.56022233489;-44601.676714620204;-45098.533642117225;-39851.908666122996;120858.78799662448;-32184.07567549654;-31086.381505296413;-30718.494143306514;58480.67950972075;-45581.331322351856;-38790.91606031848;
23151.221650984487;53004.211545492595;-44236.046878820285;-32613.40798299408;454.65683396540095;-20162.70401033211;-44626.82242713242;-45081.90394424248;-39864.44799476242;120853.78120586649;-32181.058189995074;-31092.841159443997;-30727.27837887745;58478.48903876413;-45593.1106916798;-38810.1609122945;
23181.284747276874;53022.24940326803;-44202.5863173707;-32588.619898393143;321.70865794523456;-20144.777911278954;-44596.91579305122;-45083.982656476815;-39853.27212253477;120853.8259093554;-32160.31577114055;-31085.86741517394;-30719.36586134027;58479.89719866481;-45580.191383384634;-38794.939374320435;
23142.303304946818;53000.367045446284;-44245.03228009132;-32618.146552818605;466.1456306154288;-20163.37456266577;-44640.54639822798;-45080.29461864169;-39863.84449766213;120845.42165344021;-32188.724838343245;-31090.941261165295;-30726.74193701052;58474.66689046227;-45588.0591974329;-38808.88686286055;
23184.190474056064;53022.27175501249;-44200.88758479209;-32585.602412891676;352.0846786599968;-20141.738074033034;-44593.853604060845;-45084.09441519909;-39862.83866916164;120845.91339181822;-32139.662759263847;-31095.277499589625;-30726.98780619953;58476.81265792998;-45586.33811310984;-38806.87520585957;
23151.64633412914;52993.9073912987;-44237.43268697652;-32611.105753315183;473.7228719857779;-20157.317239918382;-44626.48715096559;-45077.411243606955;-39853.4062330015;120838.2243917256;-32195.94445180231;-31081.57588023852;-30719.432916573634;58472.20819857219;-45576.23512461605;-38799.700295889415;
23195.366346283718;53019.09780729983;-44188.102386963656;-32579.3886279331;372.4471178587816;-20139.815824009875;-44587.17043246871;-45099.51711887326;-39857.87658189256;120840.7724905935;-32121.82606718851;-31086.5379675076;-30719.701137507098;58476.52208525206;-45578.44794731712;-38798.29213598873;
23159.111816777207;52994.39912967672;-44230.950681084476;-32605.383706734625;447.14664782841777;-20151.192861937627;-44626.26363352104;-45075.06431043915;-39845.538418953234;120831.49651664455;-32209.266091497673;-31075.093874346483;-30709.93342518013;58471.38118402734;-45566.86974368927;-38786.423359682965;
23181.06122983232;52993.08037675385;-44197.69128533498;-32594.766628118352;359.10312641896326;-20150.544661348424;-44600.849700075356;-45103.36161891957;-39866.996093630325;120832.18942072266;-32121.60254974396;-31097.311508335057;-30730.251160890006;58474.04104161752;-45589.422653844675;-38811.367906495085;
23143.175022980577;52970.88509450974;-44236.35980324266;-32616.716041173466;399.69389434980087;-20159.105379474804;-44634.44437199168;-45074.326702872124;-39853.74150916833;120822.8687432848;-32235.596446466025;-31082.671115716832;-30715.163733382673;58468.65427120379;-45572.32356933637;-38792.19010975243;
23168.231328514976;52977.56826610187;-44198.92063128002;-32603.483808455923;347.5919780244801;-20162.435789398645;-44610.907985080245;-45085.05554021067;-39877.72493096888;120826.84735379784;-32133.94071268329;-31109.87318871894;-30733.268646391472;58473.370489283865;-45596.50815683701;-38820.2639007883;
23161.659915645116;52969.14165844222;-44217.7855036003;-32611.731602159933;350.56476003703597;-20165.90030978922;-44636.47838073711;-45080.87576399753;-39851.84161088963;120817.54902810443;-32258.596391510535;-31089.890729175895;-30707.675898990143;58467.08964909192;-45572.301217591914;-38795.94520282093;
23169.147750037642;52975.1542777007;-44201.06639874773;-32607.97650909144;331.56577725002495;-20163.955708021607;-44604.98477279959;-45094.10799671507;-39880.80947170371;120821.25941768402;-32149.31871286854;-31116.042270188605;-30741.091756950827;58471.93997763872;-45605.5159098525;-38825.002470612824;
23154.552060908325;52976.00364399;-44220.42300944603;-32611.21751203746;298.4851954561705;-20146.74486479102;-44614.17133977072;-45075.332531372616;-39840.017538072774;120809.10006870033;-32276.947173708344;-31079.430112770813;-30708.70407923509;58463.580425212436;-45563.94166516563;-38780.254278213295;
23163.49275869045;52976.38362364574;-44210.52118665233;-32617.096020829205;323.25092831265073;-20150.768178792976;-44593.31716219392;-45103.78630206422;-39872.315808810694;120814.15156294723;-32165.36726538745;-31106.81099972856;-30744.71273955259;58469.593044470916;-45600.77734002797;-38814.27363327428;
23151.37811319567;52979.53521961394;-44224.75924787036;-32616.291358028815;258.2297036921625;-20134.965495463075;-44601.22967973109;-45082.97682797633;-39835.815410115174;120806.14963843222;-32287.653659302436;-31075.473854002223;-30709.776962968943;58464.832122901935;-45564.254589588;-38776.11920548906;
23150.215822484;52971.46623986557;-44219.57364315673;-32622.97452962095;318.7358759326787;-20143.302696144903;-44590.63495285928;-45099.80769155118;-39871.399387288024;120806.88724599926;-32177.75013181569;-31101.87126420394;-30748.914867510186;58467.916663636766;-45599.570345827386;-38812.48549371785;
23166.0185058139;52992.32041744237;-44210.63294537461;-32603.372049733647;221.81871197446728;-20121.286227856424;-44577.290961419465;-45087.603639078574;-39825.22068324336;120797.34305111684;-32285.26202264572;-31059.917039861328;-30704.7478204665;58463.66983219026;-45552.8999034047;-38759.55656284768;
23161.324639478284;52989.01235926299;-44220.735933868404;-32619.867637141662;305.3248292594945;-20133.959666962586;-44581.69425507716;-45102.82517705264;-39861.98930287234;120796.65014703873;-32190.75884708868;-31091.34359256549;-30740.264742405983;58466.59791071391;-45590.629648045266;-38798.985040066844;
23174.62392742919;53013.509871186005;-44209.51535815184;-32601.852131110685;181.3620545103615;-20106.623483493746;-44560.86242924481;-45092.521022858746;-39816.30233720569;120789.25171962402;-32277.528319064182;-31049.85875485644;-30699.673974475143;58462.82046590096;-45545.05444110089;-38748.67126329795;
23173.752209395436;53008.123100772274;-44232.984689829915;-32621.36520402017;286.9963988061427;-20125.890687214218;-44576.374539896795;-45100.92527877394;-39854.657930691;120789.67640276867;-32204.23694899523;-31082.24643257218;-30741.248219162015;58466.08382059143;-45587.8580317328;-38794.82761559816;
23197.40035502915;53031.614784194804;-44206.78844532829;-32598.365258975657;143.09586800287582;-20098.6439107232;-44553.12872566327;-45094.040941481704;-39820.705630863384;120782.90382419871;-32267.470034059294;-31059.090025316484;-30710.626329258244;58463.66983219026;-45553.65986271619;-38759.33304540313;
23176.367363496705;53011.58762116285;-44231.55417818477;-32625.723794188954;262.9682735166876;-20122.828498223844;-44574.005254984535;-45098.69010432841;-39850.67932017795;120779.19343461913;-32221.671309670368;-31077.217290069737;-30735.07913769235;58464.80977115748;-45581.3089706074;-38787.943278305924;
23207.391584800673;53034.81108365191;-44206.073189505725;-32597.538244430812;104.94144021766665;-20102.17548634714;-44550.804144239926;-45104.07687474214;-39825.93593906593;120774.54427177242;-32262.530298534668;-31057.34658924897;-30707.608843756778;58463.80394265699;-45554.10689760529;-38762.46228962688;
23174.936851851566;53007.1619757607;-44246.105163825174;-32631.043509369316;228.5242353110594;-20130.27162912746;-44583.68356033368;-45099.94180201791;-39855.44024174693;120771.99617290452;-32254.327208319573;-31078.29017380359;-30729.155925411695;58465.36856476886;-45578.246781617025;-38794.514691175784;
23220.40030007366;53038.186197064664;-44207.14607323958;-32593.380819962123;76.53237301497138;-20098.6439107232;-44539.98589992355;-45100.05356074018;-39828.327575722644;120767.99521064702;-32263.7149409908;-31052.876240357906;-30707.22886410104;58464.832122901935;-45553.9504353941;-38766.217382695366;
23186.649165946146;53019.63424916676;-44249.10029758219;-32626.148477333605;202.59621174290322;-20121.08506215633;-44581.15781321023;-45100.70176132939;-39841.67156716246;120761.58025998835;-32275.695476018846;-31064.700313174762;-30721.64573927471;58462.06050658948;-45574.64815075972;-38790.29021147373;
23228.961018200043;53043.237691311566;-44202.74277958188;-32588.172863504038;54.24768379303024;-20103.695404970098;-44536.72254523308;-45110.648287612;-39820.05743027418;120760.44032102113;-32250.95209490682;-31048.361187977935;-30704.83722744432;58464.31803277946;-45561.28180757545;-38760.2494669258;
23195.187532328076;53002.758682103005;-44241.32189051174;-32617.721869673955;159.43499319970527;-20120.83919296732;-44579.660246331725;-45094.55503160418;-39821.86792157506;120754.67357095165;-32301.19881644235;-31051.66924615732;-30713.308538592883;58462.77576241205;-45576.905676949704;-38780.43309216894;
23232.246724634973;53014.091016541846;-44205.715561594436;-32592.50910192837;21.74824735501377;-20109.104527128286;-44548.278397116475;-45100.65705784048;-39814.000107526794;120752.7513209285;-32247.085243116053;-31051.870411857417;-30710.11223913577;58463.17809381224;-45575.989255427034;-38776.52153688926;
23203.927064410098;52997.438966922644;-44240.450172477984;-32612.51391321587;110.03763795347668;-20123.27553311295;-44588.19861271365;-45100.16531946246;-39802.131331221026;120746.58223945883;-32319.16961898442;-31045.231943754192;-30697.93053840763;58462.21696880066;-45574.22346761507;-38778.309676445686;
23244.875460252224;53016.39324622074;-44203.212166215446;-32584.238956479905;4.291534935418956;-20108.143402116704;-44549.70890876161;-45107.40728466598;-39800.27613643124;120747.14103307022;-32242.838411669545;-31049.23290601169;-30700.724506464543;58467.26846304756;-45583.410034586195;-38783.29411545922;
23208.978558657;52995.695530855126;-44243.80293414628;-32612.782134149333;64.35067228682904;-20117.620541765755;-44588.31037143593;-45102.31108693017;-39783.26645890075;120737.90976261017;-32341.8342878621;-31033.2737604706;-30688.252233058483;58464.49684673511;-45575.45281356011;-38772.2523536983;
23245.769530030433;53014.225127008576;-44207.816625573236;-32590.586851905213;-2.548098867905005;-20109.395099806203;-44551.072365173386;-45106.982601521326;-39799.87380503104;120737.77565214345;-32241.743176191234;-31051.691597901776;-30712.12389613675;58468.34134678142;-45600.889098750245;-38790.960763807394;
23224.445965820072;53002.42340593618;-44241.81362888976;-32604.69080265651;40.747230142024776;-20118.536963288425;-44587.10337723534;-45104.41215090897;-39773.27522912923;120725.88452409323;-32341.78958437319;-31025.964740033716;-30680.7420469215;58461.88169263383;-45577.822098472374;-38760.38357739253;
23248.943477743087;53007.67606588317;-44219.66305013455;-32598.901700842587;4.269183190963649;-20128.349379104304;-44561.421222856196;-45126.98741280883;-39806.8475493011;120730.89131485121;-32224.487629471736;-31056.117243303925;-30713.64381475971;58470.44241076022;-45615.17186345719;-38794.246470242324;
23233.319608368827;53007.988990305545;-44240.316062011254;-32601.002764821384;8.180738470642385;-20120.436861567123;-44580.219039943106;-45105.395627665;-39778.97492396533;120720.67656763514;-32338.950912827364;-31028.04345226806;-30682.999573111487;58466.35204152489;-45585.68991252064;-38759.46715586986;
23257.88417552521;53012.52639442997;-44217.36082045565;-32592.151474017082;16.987325786033367;-20127.388254092726;-44559.878952488776;-45110.268307956256;-39813.48601740432;120721.07889903533;-32211.165989776375;-31052.272743257614;-30717.644777017213;58469.32482353745;-45618.81519780341;-38792.503034174806;
23246.305971897364;53010.022999050976;-44233.968166585946;-32596.331250230225;-14.975668785055731;-20123.096719157307;-44577.82740328639;-45104.92624103144;-39773.878726229515;120711.53470415292;-32328.959683055844;-31015.124143972895;-30678.104541075772;58464.74271592411;-45576.68215950515;-38750.5935133211;
23246.35067538627;52999.85295532381;-44234.21403577495;-32609.183503292028;22.485854922038904;-20142.430978111148;-44576.73216780808;-45114.939822547414;-39821.95732855288;120716.07210827734;-32221.157219547895;-31054.887897358883;-30722.94214045312;58471.76116368308;-45624.738410084065;-38800.817883112184;
23246.283620152906;53006.647885638224;-44236.98565208741;-32603.64027066711;-46.46927672258338;-20124.259009868983;-44577.983865497576;-45111.2964882012;-39788.83204327012;120707.26552096196;-32338.794450616177;-31024.221303966202;-30697.394096540702;58467.357870025386;-45589.7579300115;-38763.49046987182;
23252.810329533855;52998.981237290056;-44231.17419852903;-32611.306919015282;28.096142780320978;-20139.03351295394;-44576.10631896333;-45115.20804348088;-39826.96411931088;120710.08184076332;-32232.33309177555;-31057.14542354887;-30725.199666643104;58472.85639916139;-45626.50419789603;-38809.49035996084;
23254.21848943454;53007.05021703842;-44231.12949504012;-32599.54990143179;-61.891980396745254;-20121.17446913415;-44567.79147002596;-45116.638555126025;-39787.62504906953;120700.64940460317;-32332.267741235228;-31019.639196352866;-30689.615689470254;58468.117829336865;-45585.1087671648;-38755.399138379;
23244.02609396292;52998.422443678675;-44240.13724805561;-32618.83945689672;50.649052935725805;-20140.12874843225;-44581.38133065478;-45125.91452907497;-39824.93011056544;120703.80100057137;-32234.05417609861;-31047.780042622097;-30727.27837887745;58474.823352673455;-45625.61012811782;-38796.92867957696;
23267.31661168535;53021.19887127863;-44219.99832630138;-32592.218529250447;-60.886151896256436;-20113.373710319247;-44565.891571747256;-45115.81154058118;-39791.73777004931;120697.63191910171;-32309.826589802098;-31024.266007455113;-30700.50098901999;58473.370489283865;-45596.709322537106;-38764.33983616112;
23257.6383063362;52998.80242333441;-44232.560006685264;-32612.960948104974;76.06298638140993;-20134.876088485253;-44582.655380088734;-45133.067087300675;-39821.130314008034;120697.29664293489;-32235.95407437731;-31047.958856577738;-30730.13940216773;58477.5055620081;-45630.30399445343;-38803.56714768019;
23288.95310031809;53023.38934223525;-44206.631983117106;-32582.674334368032;-51.051384335921334;-20107.27168408295;-44554.62629254178;-45129.624918654554;-39787.40153162498;120692.0886864768;-32285.418484856906;-31022.075536498494;-30698.01994538545;58476.41032652978;-45596.485805092554;-38768.921943774454;
23266.93663202961;53004.88209782626;-44231.53182644032;-32607.820046880253;92.46916681160532;-20134.6525710407;-44583.05771148893;-45130.98837506633;-39808.412171412965;120690.8369887873;-32241.51965874668;-31027.5740656345;-30718.27062586196;58479.62897773135;-45611.08149422187;-38787.36213295009;
23300.643062668212;53024.909260858214;-44198.40654115755;-32576.527604642823;-50.649052935725805;-20115.36301557577;-44557.0179291985;-45137.71625014737;-39792.38597063851;120686.4336951296;-32271.24747887224;-31013.80539105003;-30699.517512263956;58478.04200387502;-45590.137909667246;-38770.97830426435;
23276.346716445296;53004.90444957071;-44232.26943400734;-32600.220453765447;99.48761457057174;-20132.41739659517;-44571.904191005735;-45124.461665685376;-39807.56280512366;120681.49395960498;-32260.742158978246;-31016.778173062587;-30708.055878645886;58476.790306185525;-45600.039732460944;-38780.544850891216;
23310.053147083898;53019.12015904429;-44195.21024170044;-32576.572308131734;-42.98240458755548;-20111.093832384806;-44540.74585923504;-45126.60743315309;-39793.41415088346;120680.86811076023;-32252.94140016334;-31001.22135892169;-30699.718677964054;58480.03130913155;-45584.885249720246;-38762.97637974934;
23284.728620616035;52998.623609378774;-44223.77577111433;-32601.58391017722;93.27382961199638;-20122.604980779288;-44574.832269529375;-45124.57342440765;-39801.281964931724;120673.84966300127;-32271.49334806125;-30999.097943198438;-30711.498047292003;58477.81848643047;-45587.52275556597;-38769.61484785257;
23326.816955425376;53024.43987422465;-44176.54653508026;-32569.77737781732;-38.42264871867284;-20095.067631610353;-44523.758533449;-45128.730848876345;-39789.10026420358;120670.89923273317;-32234.367100520984;-30988.79378900454;-30709.061707146375;58478.265521319576;-45574.961075182095;-38760.76355704827;
23297.625577166746;52995.29319945493;-44206.72139009493;-32594.297241484794;84.69075974115846;-20105.88587592672;-44561.80120251193;-45121.82415983965;-39786.954496735874;120662.40556984015;-32282.11042667752;-30978.17671038827;-30704.926634422143;58475.58331198494;-45565.75215646651;-38752.98514997782;
23335.355321807307;53007.83252809436;-44166.778822753295;-32570.224412706426;-24.072828778365707;-20093.32419554284;-44512.537957732435;-45144.26531127278;-39790.21785142635;120662.49497681796;-32209.869588597965;-30976.56738478749;-30705.239558844514;58480.16541959828;-45559.2030953411;-38741.65281553898;
23301.42537372415;52984.45260339411;-44209.15773024056;-32596.867692097152;73.96192240261107;-20109.73037597303;-44558.560199565916;-45124.97575580785;-39792.38597063851;120652.97313368;-32286.49136859076;-30969.41482656179;-30701.372707053746;58476.231512574144;-45553.861028416286;-38743.217437650856;
23338.328103819862;53005.39618794873;-44172.366758867116;-32577.824005821232;-4.515052379972027;-20104.45536428158;-44522.66329797069;-45146.07580257366;-39807.00401151228;120658.56106979384;-32191.384695933426;-30982.825873234975;-30713.5991112708;58484.680471978245;-45562.82407794286;-38755.10856570108;
23309.807277894888;52987.939475529136;-44211.63877387509;-32601.58391017722;65.66942520969215;-20112.189067863117;-44558.24727514354;-45126.339212219624;-39800.87963353153;120647.36284582173;-32284.34560112305;-30972.901698696816;-30701.26094833147;58477.81848643047;-45552.810496426886;-38741.876332983535;
23357.95293545162;53017.62259216578;-44172.65733154504;-32579.679200611023;20.653011876703726;-20105.282378826425;-44528.47475152907;-45151.663738687486;-39823.00786054228;120649.48626154498;-32172.22925093523;-30992.682992539765;-30720.997538685508;58482.26648357708;-45574.64815075972;-38768.27374318525;
23323.218324568075;52983.1562022157;-44196.55134636776;-32600.153398532082;53.152448314720196;-20121.12976564524;-44567.52324909249;-45127.523854675754;-39802.265441687756;120638.06452012832;-32286.44666510185;-30975.829777220464;-30702.244425087505;58475.739774196125;-45555.78327843944;-38750.61586506556;
23317.69744368761;52954.724783268546;-44182.98383748339;-32608.088267813717;33.035878304943836;-20139.681713543145;-44544.54565579243;-45160.403270769515;-39839.21287527238;120643.40658705313;-32172.385713146417;-31006.630481079876;-30727.501896322003;58484.36754755587;-45585.1087671648;-38782.712970103385;
23298.899626600698;52940.598480772795;-44202.89924179307;-32616.22430279545;30.800703859413133;-20134.317294873872;-44565.37748162478;-45127.3003372312;-39813.664831359965;120631.91779040311;-32299.43302863038;-30981.28360286756;-30707.206512356584;58478.24316957512;-45561.326511064355;-38753.52159184475;
23313.76353666348;52922.627678230725;-44185.93426775149;-32619.88998888612;51.00668084701072;-20147.61658282478;-44554.67099603069;-45137.179808280445;-39847.147744554015;120635.15879334912;-32175.64906783689;-31010.318518915003;-30737.157849926694;58483.87580917786;-45592.64130504624;-38783.04824627021;
23314.456440741593;52937.8939196937;-44194.60674460015;-32616.894855129107;7.621944859259709;-20133.378521606748;-44570.428975871684;-45131.033078555236;-39815.050639516194;120626.4192612671;-32302.29405192066;-30989.643155293845;-30705.64189024471;58479.36075679788;-45567.45088904511;-38759.86948727006;
23327.845135670323;52944.018297674455;-44186.67187531851;-32617.990090607418;70.81032643441277;-20134.78668150743;-44554.20160939713;-45151.46257298739;-39844.286721263736;120629.79437467986;-32189.775370332645;-31016.04056549556;-30734.945027225618;58484.971044656166;-45600.66558130569;-38784.79168233772;
23333.14249910623;52958.14460017021;-44192.21510794343;-32609.921110859053;-4.760921568980405;-20125.8012802364;-44565.98097872508;-45136.37514548006;-39803.941822521905;120621.03249085338;-32305.57975835559;-30985.888062225353;-30703.31730882136;58480.74656495411;-45566.579171011355;-38749.05124295369;
23336.718778219078;52950.79087624441;-44194.76320681134;-32618.45947724098;92.29035285596287;-20143.369751378268;-44556.4144320982;-45158.32455853517;-39844.152610797006;120623.51353448791;-32203.789914106124;-31020.689728342266;-30737.180201671148;58487.16151561279;-45607.70638080912;-38789.01616203978;
23343.33489457785;52973.96963524457;-44191.07516897621;-32607.328308502238;-12.986363528533403;-20125.823631980853;-44554.000443697034;-45141.69486066042;-39804.41120915547;120611.13066805968;-32297.287261162674;-30986.625669792378;-30697.684669218623;58480.88067542085;-45567.51794427847;-38751.21936216585;
23326.436975769637;52960.245664149006;-44218.05372453377;-32635.826782682754;97.25244012504103;-20153.539795105433;-44578.475603875595;-45153.56363696619;-39851.908666122996;120610.23659828147;-32216.888036356933;-31026.47883015619;-30745.249181419516;58485.93216966774;-45616.915299524706;-38798.06861854418;
23350.040417914443;52987.87242029577;-44199.25590744685;-32608.31178525827;-30.487779437038835;-20133.445576840113;-44561.48827808956;-45148.93682586394;-39818.761029095775;120600.29007199885;-32291.38640062647;-31002.584815333466;-30714.202608371095;58483.11584986638;-45583.79001424194;-38763.132841960534;
23329.81208918239;52973.83552477784;-44225.005117059365;-32636.676148972056;99.48761457057174;-20159.910042275198;-44584.04118824496;-45146.36637525158;-39854.345006268624;120597.22788300847;-32235.641149954936;-31032.156173247837;-30747.260838420494;58486.513315023585;-45620.469226893096;-38803.83536861365;
23363.607926798813;53004.47976642606;-44194.76320681134;-32605.763686390364;-44.256454021507984;-20131.188050650126;-44546.53496104896;-45156.044680600724;-39824.5501309097;120586.94608055904;-32284.05502844513;-31007.546902602542;-30718.494143306514;58482.601759743906;-45591.59077305684;-38763.423414638455;
23339.49039453154;52984.58671386084;-44230.883625851115;-32636.6537972276;90.14458538825339;-20154.500920117014;-44577.358016652826;-45148.445087485925;-39850.34404401112;120582.36397294569;-32257.05412114312;-31025.80827782253;-30747.462004120593;58484.30049232251;-45621.720924582594;-38794.78291210925;
23371.431037358172;53006.603182149316;-44197.244250445874;-32609.049392825294;-58.13688732825367;-20133.110300673285;-44551.67586227368;-45147.64042468553;-39827.81348560018;120578.43006592157;-32270.509871305214;-31008.57508284749;-30734.676806292155;58485.66394873428;-45599.79386327194;-38769.1007577301;
23344.76540622299;52994.33207444335;-44229.94485258399;-32634.59743673771;77.73936721555796;-20154.61267883929;-44579.68259807618;-45147.48396247435;-39850.142878311024;120572.14922572962;-32273.34854285104;-31025.42829816679;-30747.32789365386;58485.55219001201;-45620.670392593194;-38800.48260694535;
23382.85277877483;53017.89081309925;-44196.46193938994;-32606.434238724025;-74.3419020583513;-20137.804167008897;-44547.496086060535;-45152.06607008768;-39835.03309905924;120568.57294661677;-32261.747987478735;-31014.5206468726;-30735.325006881358;58487.60855050189;-45602.58783132885;-38781.01423752478;
23347.604077768814;53006.98316180506;-44234.68342240852;-32634.999768137906;54.04651809293248;-20152.04222822693;-44587.773929569;-45150.09911657561;-39847.41596548748;120561.53214711335;-32297.01904022921;-31018.767478319107;-30737.26960864897;58487.34032956843;-45608.89102326525;-38791.8548335856;
23389.24537768905;53031.79359815045;-44192.37157015462;-32602.343869488705;-68.75396594452452;-20126.36007384778;-44535.67201324368;-45156.42466025647;-39838.967006083374;120558.62642033416;-32243.598370981024;-31014.699460828244;-30733.827440002853;58489.799021458515;-45598.29629639343;-38778.98022877934;
23364.256127388016;53017.44377821014;-44228.38023047212;-32621.02992785334;41.01545107548846;-20135.83721349683;-44567.54560083695;-45151.88725613204;-39828.327575722644;120549.1492806851;-32298.00251698524;-30998.89677749834;-30726.049032932406;58487.58619875744;-45589.73557826705;-38770.77713856425;
23407.283235464485;53049.9208629037;-44183.0285409723;-32590.944479816495;-64.26126530900781;-20117.285265598926;-44524.652603227216;-45170.34979705213;-39826.673546632956;120549.23868766293;-32225.493457972225;-31003.009498478117;-30727.23367538854;58493.308245338;-45589.3108951224;-38775.76157757778;
23369.777008268476;53036.75568541953;-44222.59112865819;-32616.470171984456;17.03202927494398;-20126.18125989214;-44561.421222856196;-45153.49658173282;-39810.75910458078;120537.45931833498;-32316.509761394234;-30985.463379080702;-30718.13651539523;58489.7543179696;-45573.552915281405;-38760.2494669258;
23398.834276060377;53044.93642389017;-44190.963410253935;-32604.847264867698;-62.339015285851396;-20119.632198766732;-44525.8595974278;-45163.912494649;-39830.69686063491;120538.12987066864;-32222.431268981847;-31002.294242655546;-30735.123841181263;58495.27519885006;-45591.14373816773;-38773.39229266552;
23377.801284527934;53034.565214462906;-44221.25002399088;-32620.158209819583;-11.10881699428761;-20122.94025694612;-44561.28711238946;-45165.25359931631;-39816.391744183515;120528.13864089712;-32330.144325511974;-30988.011477948607;-30720.17052414066;58492.5035825376;-45577.330360094355;-38760.65179832599;
23406.411517430726;53040.91310988821;-44192.706846321445;-32608.244730024904;-58.74038442854696;-20129.55637330489;-44525.07728637187;-45196.85896597612;-39840.62103517306;120529.7479664979;-32219.391431735927;-31004.90939675682;-30747.5067076095;58498.65031226281;-45599.05625570491;-38780.45544391339;
23383.38922064176;53041.56131047742;-44218.54546291178;-32617.252483040393;-46.961015100600136;-20135.41253035218;-44566.092737447354;-45165.11948884958;-39817.30816570618;120518.54974252579;-32343.57772392961;-30982.401190090324;-30725.244370132015;58494.559943027496;-45573.17293562567;-38759.087176214125;
23412.513543667024;53053.74301120556;-44189.287029419786;-32605.786038134822;-45.53050345546049;-20126.069501169863;-44511.5544809764;-45171.04270113024;-39844.44318347492;120521.67898674954;-32216.932739845844;-31001.08724845496;-30748.51253610999;58502.36070184239;-45595.47997659206;-38783.07059801467;
23398.834276060377;53052.111333860325;-44211.68347736401;-32606.277776512838;-62.29431179694078;-20118.067576654863;-44532.29689983093;-45167.42171852848;-39806.4452179009;120511.59835000019;-32331.463078434837;-30961.79288170253;-30707.608843756778;58498.53855354054;-45552.363461537774;-38742.926864972935;
23408.73609885408;53041.44955175514;-44198.94298302448;-32612.06687832676;-31.024221303966204;-20136.93244897514;-44530.307594574406;-45197.6189252876;-39848.15357305451;120514.92875992403;-32208.57318741956;-30996.192216419247;-30742.41050987369;58505.467594321686;-45590.24966838952;-38783.29411545922;
23402.96934878461;53045.115237845814;-44215.55032915477;-32611.50808471538;-93.54205054546006;-20130.450443083104;-44543.13749589175;-45167.533477250756;-39821.93497680843;120503.73053595192;-32335.77696511471;-30971.672352751775;-30713.3979455707;58500.03612041904;-45559.13604010773;-38753.18631567792;
23419.73315712609;53051.753705949035;-44200.7311225809;-32610.949291103996;-26.17389275716457;-20136.440710597126;-44534.95675742111;-45176.407119799514;-39854.99320685783;120505.69748946399;-32220.71018465879;-30999.14264668735;-30743.259876162992;58505.646408277324;-45591.34490386783;-38790.178452751454;
23429.277352008507;53067.131706134285;-44200.55230862526;-32596.085381041215;-112.6527920547476;-20112.65845449668;-44525.0102311385;-45176.13889886605;-39813.75423833779;120495.97448062594;-32324.578741142603;-30965.41386430429;-30702.378535554235;58501.66779776428;-45547.66959520216;-38743.910341728966;
23409.741927354567;53039.86257789881;-44214.05276227627;-32618.83945689672;-25.03395378994391;-20142.185108922138;-44543.60688252532;-45185.43722455946;-39851.9533696119;120497.0473643598;-32222.252455026206;-30994.918166985295;-30741.22586741756;58507.52395481157;-45586.33811310984;-38780.678961357946;
23417.721500125113;53043.79648492295;-44203.90507029356;-32606.657756168577;-150.80721983995676;-20129.802242493897;-44539.9635481791;-45182.79971871373;-39826.58413965513;120489.26895728934;-32320.64483411847;-30979.60722203341;-30722.360995097282;58505.9593326997;-45562.086470375834;-38755.8461732681;
23407.238531975574;53030.81012139442;-44214.00805878735;-32624.092116843716;-30.711296881591903;-20147.303658402405;-44555.65447278672;-45205.28557363577;-39859.32944528216;120489.62658520063;-32244.58184773706;-31011.771382304596;-30753.496975123522;58510.74260601313;-45597.08930219285;-38795.60992665409;
23428.807965374945;53046.41163902422;-44190.73989280938;-32603.483808455923;-170.34264449389514;-20123.677864513145;-44524.205568338104;-45193.595611285644;-39822.38201169753;120482.11639906364;-32309.69247933537;-30982.177672645772;-30723.45623057559;58509.26739087908;-45559.31485406338;-38749.90060924299;
23408.244360476063;53030.9665836056;-44206.94490753948;-32628.428355268046;-41.7754103869689;-20147.84010026933;-44544.00921392551;-45200.23407938887;-39845.27019801977;120479.09891356218;-32259.177536866373;-30998.785018776063;-30746.053844219907;58511.4131583468;-45584.12529040877;-38774.465176399375;
23432.987741588087;53050.90433965973;-44181.48627060488;-32604.69080265651;-201.52332800904847;-20125.42130058066;-44524.42908578266;-45208.81714925971;-39815.02828777174;120474.87443386012;-32303.031659487686;-30980.121312155883;-30717.89064620622;58511.79313800253;-45558.89017091873;-38744.960873718366;
23400.555360383434;53026.27271726999;-44211.92934655301;-32635.69267221602;-80.13100387227583;-20155.17147245067;-44562.896437990246;-45201.016390444805;-39846.94657885392;120471.00758206936;-32307.122028723006;-31011.95019626024;-30750.36773089978;58513.44716709223;-45595.39056961425;-38784.56816489317;
23444.767110916033;53062.43783979867;-44169.19281115446;-32598.83464560922;-238.11313368238615;-20123.834326724333;-44514.39315252223;-45203.586841057164;-39819.99037504082;120466.06784654473;-32326.143363254472;-30994.448780351733;-30723.5009340645;58514.67651303727;-45566.221543100066;-38752.38165287753;
23410.747755855056;53030.54190046095;-44215.37151519913;-32634.575084993256;-116.27377465650734;-20148.37654213626;-44551.38528959576;-45203.76565501281;-39830.33923272362;120460.8375383422;-32340.44847970587;-30996.192216419247;-30738.208381916094;58516.39759736033;-45577.86680196128;-38762.41758613796;
23444.96827661613;53047.350412291344;-44173.976084467904;-32608.132971302628;-269.0032445196205;-20132.305637872894;-44519.601108980314;-45207.721913781395;-39829.668680389965;120459.69759937497;-32320.264854462726;-31002.875388011384;-30733.782736513942;58519.929172984266;-45579.74434849553;-38758.08134771363;
23404.24339821856;53032.84413013985;-44223.529901925314;-32641.571181007766;-160.4184699557388;-20163.17339696567;-44571.45715611662;-45211.56641382771;-39840.866904362076;120451.5839161377;-32362.822575905633;-31015.906455028828;-30739.527134838958;58518.07397819448;-45596.552860325915;-38774.42047291046;
23445.012980105043;53060.96262466462;-44181.82154677172;-32616.045488839805;-291.39969246383816;-20143.101530444805;-44535.44849579913;-45231.88414953758;-39839.391689228025;120451.20393648195;-32307.099676978552;-31020.46621089771;-30739.840059261332;58523.416045119295;-45598.69862779363;-38769.1007577301;
23419.710805381634;53054.86059842833;-44216.51145416635;-32632.02698612535;-190.1909935702078;-20146.99073398003;-44565.91392349171;-45216.79672203025;-39834.6531194035;120443.02319801132;-32380.145177858496;-31018.23103645218;-30742.298751151415;58523.19252767474;-45599.23506966056;-38768.22903969634;
23456.88175641081;53075.245389371565;-44178.26761940332;-32606.769514890853;-291.7573203751231;-20130.293980871917;-44515.93542288964;-45251.844257336175;-39835.23426475934;120441.97266602192;-32296.996688484753;-31016.264082940113;-30750.077158221862;58527.193489932244;-45597.73750278205;-38763.24460068281;
23422.884753094288;53054.07828737239;-44220.825340846226;-32631.378785536148;-234.11217142488618;-20143.436806611637;-44553.70987101911;-45225.71506806792;-39822.38201169753;120433.99309325137;-32398.227739122838;-30996.952175730727;-30738.878934249755;58526.500585854126;-45582.06892991888;-38743.93269347343;
23461.665029724245;53082.21913364162;-44183.49792760586;-32609.272910269847;-305.0119048371202;-20133.065597184373;-44514.39315252223;-45247.99975728986;-39842.543285196225;120436.34002641917;-32300.72942980879;-31015.74999281764;-30748.5572395989;58534.05547548002;-45597.78220627096;-38766.418548395464;
23427.332750240894;53070.55152303595;-44225.72037288194;-32629.434183768535;-281.34140745895;-20146.633106068744;-44560.19187691115;-45225.826826790195;-39823.74546810931;120425.25356116935;-32415.32682363115;-30993.4653035957;-30719.32115785136;58529.696885311234;-45570.44602280212;-38746.994882463805;
23455.36183778785;53083.06849993092;-44201.446378403474;-32616.31370977327;-323.31798354601665;-20146.387236879735;-44530.08407712985;-45254.52646667081;-39854.79204115773;120427.73460480387;-32303.612804843524;-31014.699460828244;-30745.360940141793;58536.000077247634;-45596.351694625824;-38774.91221128848;
23443.135433570795;53086.10833717685;-44224.938061826004;-32619.666471441567;-319.49583524415914;-20137.491242586522;-44543.29395810294;-45234.72282108341;-39820.660927374476;120417.54220933226;-32414.27629164175;-30983.250556379626;-30709.776962968943;58532.33439115696;-45559.851295930304;-38746.1455161745;
23464.973087903632;53098.804128027456;-44203.055704004255;-32610.681070170533;-316.6348119538799;-20139.346437376313;-44514.97429787806;-45263.60127491967;-39843.92909335245;120420.69380530046;-32285.731409279277;-30999.589681576454;-30735.123841181263;58540.470426138694;-45586.695741021125;-38773.72756883235;
23451.003247619064;53103.52034610753;-44221.67470713553;-32613.229169038437;-358.8349054854996;-20135.434882096637;-44544.38919358125;-45241.696565353464;-39803.15951146597;120408.24388363885;-32407.70487877189;-30968.006666661106;-30698.735201208023;58535.12835921388;-45554.1516010942;-38739.66351028246;
23464.771922203534;53095.31725589243;-44209.26948896283;-32615.889026628618;-325.10612310244125;-20141.6039635663;-44519.71286770259;-45246.34572820017;-39837.89412234952;120410.00967145083;-32292.571043082604;-31003.210664178216;-30736.755518526497;58542.03504825057;-45600.86674700579;-38778.935525290435;
23458.088750611398;53100.65932281725;-44224.379268214616;-32613.430334738536;-409.1039787654852;-20136.194841408116;-44540.231769112565;-45244.44582992147;-39787.13331069152;120397.60445327812;-32406.609643293577;-30962.396378802823;-30698.154055852185;58536.51416737011;-45560.29833081941;-38730.074611911135;
23457.30643955546;53086.421261599215;-44225.206282759464;-32622.88512264313;-350.4306495703041;-20158.61364109679;-44548.479562816574;-45249.20675149045;-39826.49473267731;120400.55488354623;-32304.52922636619;-31005.37878339038;-30739.236562161037;58544.806664563024;-45610.12036921029;-38783.94231604842;
23464.68251522571;53107.23073568711;-44219.50658792336;-32606.83657012422;-461.0941363685294;-20137.71476003108;-44541.6622807577;-45250.95018755796;-39784.60756356807;120388.95432817392;-32414.723326530857;-30973.728713241664;-30694.108390105772;58540.29161218305;-45574.29052284843;-38743.99974870679;
23451.49498599708;53097.79829952697;-44234.05757356377;-32624.293282543815;-372.3577108809604;-20152.645725327224;-44550.155943650716;-45276.3864727481;-39812.59194762611;120391.25655785282;-32324.198761486863;-30994.448780351733;-30723.411527086682;58548.82997856498;-45607.4158081312;-38771.22417345335;
23465.06249488145;53112.505747378564;-44223.77577111433;-32605.383706734625;-507.943392746853;-20139.301733887405;-44533.07921088686;-45271.58084769021;-39775.39864485248;120379.11956061359;-32407.660175282977;-30965.70443698221;-30688.699267947588;58544.00200176263;-45576.81626997188;-38736.355452103075;
23448.119872584328;53098.20063092717;-44242.350070756685;-32626.148477333605;-385.4111296428597;-20164.067466743883;-44549.798315739434;-45270.843240123184;-39808.45687490188;120380.88534842555;-32328.937331311387;-30991.7665710171;-30716.616596772266;58551.78040883308;-45611.97556400008;-38774.666342099474;
23468.281146083016;53125.17918648472;-44218.34429721168;-32602.50033169989;-520.3486109195484;-20140.21815541007;-44530.799332952425;-45267.75869938835;-39774.34811286308;120373.41986577748;-32371.718570198846;-30967.69374223873;-30682.35137252228;58550.57341463249;-45578.58205778385;-38737.42833583693;
23447.15874757275;53096.34543613737;-44240.83015213373;-32622.482791242935;-376.71630104974525;-20159.32889691936;-44557.33085362087;-45259.08622253969;-39799.56088060867;120371.83289192116;-32316.643871860968;-30986.916242470295;-30706.804180956387;58554.01558327861;-45606.43233137517;-38768.787833307724;
23476.730105487124;53119.70300909317;-44210.677648863515;-32592.06206703926;-513.5760323495904;-20134.429053596148;-44525.278452071965;-45260.31556848474;-39772.627028540024;120367.38489477456;-32326.880970821498;-30966.66556199379;-30681.323192277338;58554.21674897871;-45582.583020041355;-38742.52453357274;
23439.380340502303;53094.959627981145;-44249.90496038258;-32630.149439591103;-365.7415945221895;-20158.32306841887;-44564.14813567974;-45266.55170518777;-39794.844662528594;120364.32270578417;-32301.15411295344;-30978.064951665994;-30699.74102970851;58557.815379836014;-45600.64322956124;-38766.01621699527;
23471.11981762884;53119.23362245961;-44211.92934655301;-32602.075648555237;-504.9929624787525;-20140.866355999275;-44527.42421953967;-45273.45839422446;-39786.97684848033;120360.83583364915;-32294.336830894572;-30970.89004169584;-30694.018983127953;58559.8717403259;-45588.01449394399;-38746.95017897489;
23444.565945215934;53106.44842463117;-44240.33841375571;-32621.87929414264;-364.758117766156;-20154.657382328198;-44562.58351356787;-45275.02301633633;-39793.12357820554;120354.86791787959;-32311.413563658425;-30969.615992261886;-30703.11614312126;58560.98932754867;-45592.79776725743;-38756.40496687948;
23484.240291624104;53128.91192780876;-44187.58829684118;-32591.05623853877;-495.4487675963363;-20132.99854195101;-44520.42812352516;-45281.14739431708;-39781.61242981105;120352.11865331158;-32265.078397402576;-30966.03971314904;-30696.50002676249;58563.78329560558;-45581.800708985415;-38743.15038241749;
23442.86721263733;53100.01112222805;-44228.20141651647;-32626.349643033704;-376.76100453865587;-20162.23462369855;-44579.772005054;-45282.44379549549;-39784.786377523706;120345.7037026529;-32312.508799136736;-30966.08441663795;-30700.92567216464;58563.78329560558;-45582.985351441544;-38745.56437081866;
23477.288899098505;53120.84294806039;-44187.051854974256;-32600.06399155426;-502.556622333124;-20153.204518938604;-44538.7118504896;-45314.65265925559;-39794.576441595134;120347.38008348705;-32257.43410079886;-30981.998858690127;-30706.02186990045;58570.08648754198;-45589.26619163349;-38750.548809832195;
23436.564020700935;53090.779851768006;-44229.16254152806;-32638.106660617195;-430.1816737868397;-20174.70689710461;-44584.08589173388;-45286.73533043091;-39791.26838341575;120338.26057174928;-32347.13165129801;-30974.622783019877;-30700.232768086527;58567.672499140805;-45581.21956362958;-38741.250484138785;
23480.418143322247;53120.46296840465;-44185.59899158466;-32607.797695135796;-525.6012708665456;-20154.031533483452;-44540.43293481266;-45310.562290020265;-39802.37720041003;120340.40633921699;-32268.14058639295;-30987.452684337222;-30712.83915195932;58574.22156026621;-45593.22245040208;-38746.23492315232;
23446.622305705823;53107.65541883176;-44227.21793976044;-32630.7529366914;-477.2097441208058;-20163.329859176858;-44583.72826382259;-45291.138624088606;-39782.73001703382;120333.72316762486;-32366.98000037432;-30972.141739385337;-30693.348430794293;58574.534484688586;-45576.145717638225;-38728.62174852154;
23471.343335073394;53119.34538118188;-44192.10334922116;-32622.12516333165;-543.9520530643526;-20166.861434800798;-44554.53688556396;-45324.44272332701;-39811.16143598097;120336.29361823722;-32269.01230442671;-31001.4672281107;-30722.539809052923;58582.22348478121;-45609.628630832274;-38755.13091744553;
23439.35798875785;53110.270572933034;-44224.871006592635;-32643.806355453296;-527.6576313564339;-20177.299699461426;-44592.84777556035;-45297.486519513914;-39792.25186017178;120325.72124310986;-32389.152930873985;-30990.93955647225;-30698.422276785648;58579.49657195766;-45596.59756381483;-38742.45747833938;
23468.079980382918;53128.599003386385;-44197.35600916815;-32627.02019536736;-550.8587421010426;-20169.454237157614;-44557.2637983875;-45299.29701081479;-39819.07395351815;120327.17410649946;-32274.846109729544;-31019.393327163856;-30731.56991381287;58585.82211563851;-45628.53820664146;-38772.81114730968;
23446.59995396137;53121.178224227224;-44220.31125072375;-32631.78111693634;-542.588596652579;-20164.08981848834;-44579.86141203182;-45304.03558063931;-39779.2878483877;120318.36751918406;-32383.766160460254;-30984.12227441338;-30699.07047737485;58583.40812723734;-45593.468319591084;-38735.439030580405;
23459.608669234356;53127.50376790807;-44204.15093948256;-32633.23398032594;-515.2747649281937;-20176.13740874975;-44561.622388556294;-45317.80425522378;-39815.25180521629;120323.41901343096;-32255.958885664808;-31015.571178862;-30733.51451558048;58592.348825019464;-45628.31468919691;-38766.060920484175;
23446.82347140592;53124.86626206234;-44222.501721680375;-32634.485678015433;-560.134716049995;-20165.47562664457;-44575.52517360749;-45307.142473118605;-39779.82429025463;120313.40543191499;-32374.60194523358;-30989.03965819355;-30700.88096867573;58588.370214506416;-45594.20592715811;-38729.56052178866;
23449.25981155155;53123.79337832849;-44225.11687578164;-32645.97447466546;-508.8374625250653;-20181.770048352486;-44572.328874150386;-45339.26192990088;-39820.727982607845;120317.00406277229;-32259.982199666763;-31024.310710944024;-30737.04609120442;58595.902752387854;-45636.60718638983;-38773.36994092106;
23452.657276708756;53142.68060239322;-44224.78159961481;-32632.83164892574;-578.3513877810702;-20164.112170232795;-44574.29582766245;-45319.9500226915;-39786.21688916885;120309.4491731464;-32378.759369702268;-30999.567329832;-30701.75268670949;58594.29342678707;-45599.19036617164;-38733.58383579062;
23447.695189439677;53131.1918057432;-44228.98372757241;-32648.6566840001;-493.0124274507079;-20177.970251795086;-44577.2239061861;-45336.37855486615;-39821.979680297336;120313.53954238172;-32275.58371729657;-31023.908379543827;-30731.614617301777;58603.36823503593;-45631.242767720556;-38771.872374042556;
23455.250079065572;53146.27923325053;-44227.01677406034;-32632.004634380894;-598.4903095353019;-20162.256975443004;-44567.72441479259;-45324.42037158256;-39784.786377523706;120306.05170798919;-32377.35120980158;-30994.18055941827;-30691.22501507104;58602.40711002435;-45593.423616102176;-38730.02990842222;
23436.96635210113;53132.510558666065;-44245.68048068052;-32656.47979455946;-485.68105526936716;-20187.022708299482;-44577.022740486;-45347.822648027264;-39830.87567459055;120307.3928126565;-32301.981127498286;-31032.312635459024;-30730.631140545745;58609.55966825005;-45640.116410269315;-38778.82376656816;
23459.966297145642;53153.00710833158;-44222.077038535725;-32626.774326178354;-606.3804753280253;-20158.88186203025;-44557.57672280988;-45345.989804981924;-39789.97198223734;120304.01769924376;-32372.41147427696;-30999.679088554276;-30691.135608093216;58611.012531639644;-45603.191328429144;-38737.4953910703;
23428.852668863856;53129.11309350885;-44259.44915526499;-32664.973457452474;-482.104776156518;-20196.18692352616;-44582.67773183319;-45349.49902886141;-39828.30522397819;120303.9953474993;-32314.408697415438;-31030.837420324973;-30726.630178288244;58615.16995610833;-45644.296186482454;-38781.34951369161;
23458.334619800404;53146.770971628546;-44227.106181038165;-32634.105698359694;-622.2055104023827;-20165.341516177836;-44550.29005411745;-45345.83334277074;-39802.51131087677;120300.06144047517;-32363.91781138394;-31006.026983979584;-30705.999518155997;58616.44400554228;-45618.27875593648;-38746.45844059687;
23429.657331664246;53129.001334786575;-44255.224675562946;-32661.687751017544;-485.7704622471884;-20185.23456874306;-44589.27149644751;-45352.89649401862;-39827.32174722216;120296.52986485123;-32338.950912827364;-31023.573103377;-30732.709852780088;58618.67917998781;-45641.63632889227;-38774.06284499918;
23459.966297145642;53153.23062577613;-44224.71454438145;-32633.16692509257;-633.4707896078575;-20165.363867922293;-44546.75847849351;-45371.3590349387;-39803.56184286617;120292.03716421571;-32359.156889814964;-31006.18344619077;-30712.190951370118;58618.902697432364;-45616.08828497986;-38743.083327184126;
23429.076186308408;53132.80113134398;-44257.63866396411;-32660.927791706064;-500.3214478875933;-20191.850685101832;-44585.33758942337;-45352.36005215169;-39820.9515000524;120290.20432117037;-32366.242392807293;-31016.80052480704;-30727.99363470002;58622.23310735621;-45634.304956710934;-38769.23486819683;
23466.26948908204;53154.28115776553;-44221.42883794652;-32630.30590180229;-645.1384002135278;-20172.85170231482;-44561.018891456;-45363.491220890435;-39807.54045337921;120289.46671360335;-32357.301695025173;-31008.66448982531;-30707.8994164347;58626.390531824894;-45619.70926758162;-38753.00750172228;
23429.05383456395;53124.888613806805;-44264.12066985615;-32657.731492248953;-519.9462795193529;-20199.919664850197;-44596.28994420647;-45361.88189528965;-39825.35479371009;120284.61638505655;-32394.78557047672;-31017.873408540894;-30719.075288662352;58628.24572661469;-45630.61691887581;-38767.51378387377;
23472.952660674175;53153.02946007603;-44216.556157655265;-32629.188314579525;-655.4425544074243;-20174.88571106025;-44546.84788547133;-45393.08493054926;-39816.950537794895;120285.39869611249;-32352.183145544906;-31008.396268891847;-30711.274529847447;58635.17476739583;-45618.368162914296;-38754.125088945046;
23440.564982958436;53121.602907371875;-44251.357823772174;-32645.259218842893;-551.909274090442;-20181.03244078546;-44578.45325213114;-45366.66516860309;-39808.16630222396;120275.63098378552;-32408.621300294555;-30998.673260053787;-30702.870273932254;58632.760778994656;-45607.54991859793;-38751.1970104214;
23474.450227552683;53143.32880298243;-44210.8341110747;-32622.996881365405;-670.6417406370331;-20170.70593484711;-44547.764306994;-45405.04311383285;-39806.959308023375;120278.20143439788;-32334.815840103132;-31000.394344376844;-30707.40767805668;58640.85211048748;-45609.85214827683;-38751.24171391031;
23437.97218060162;53122.94401203919;-44256.99046337491;-32655.6080765257;-605.1287776385282;-20194.063507802904;-44596.93814479568;-45376.72345360797;-39809.060372002175;120269.01486742674;-32426.45799236989;-31004.440010123257;-30698.39992504119;58639.35454360897;-45608.13106395377;-38755.73441454583;
23475.41135256426;53141.42890470373;-44214.23157623191;-32631.199971580503;-692.4570432254128;-20180.764219851997;-44550.938254706656;-45402.293849264846;-39828.59579665611;120269.70777150487;-32339.621465161024;-31023.886027799374;-30708.92759667964;58646.12712217893;-45626.86182580732;-38766.418548395464;
23447.65048595077;53126.54264289649;-44247.602730703686;-32645.013349653884;-643.4396676349244;-20183.245263486537;-44575.3687113963;-45383.92071532258;-39804.90294753348;120259.7835969667;-32452.833050827154;-30997.28745189756;-30692.65552671618;58644.22722390023;-45605.94059299715;-38736.288396869706;
23478.69705899919;53141.67477389274;-44218.74662861188;-32628.763631434875;-685.2150780218933;-20176.651498872223;-44536.54373127744;-45388.34636072473;-39821.04090703022;120262.57756502362;-32340.35907272805;-31014.475943383688;-30720.617559029768;58652.76559028216;-45625.87834905128;-38756.00263547929;
23458.625192478325;53140.28896573651;-44244.652300435584;-32641.03473914084;-667.2889789687371;-20178.640804128743;-44576.374539896795;-45390.73799738145;-39796.11871196255;120251.51345151824;-32455.67172237298;-30993.97939371817;-30701.08213437583;58649.7928082696;-45601.62670631727;-38732.48860031231;
23478.540596788003;53137.874977335334;-44220.64652689058;-32631.8034686808;-665.7020051124102;-20186.262748988003;-44553.084022174364;-45427.68543096608;-39826.42767744394;120253.77097770822;-32328.02090978872;-31023.461344654723;-30724.976149198552;58657.504160106684;-45628.56055838592;-38763.557525105185;
23458.06639886694;53127.123788252335;-44251.93896912801;-32644.07457638676;-680.8341361086532;-20184.631071642765;-44576.26278117452;-45398.62816317417;-39804.61237485557;120244.0256171257;-32451.9613327934;-31005.69170781275;-30698.064648874362;58655.55955833907;-45602.34196213984;-38735.6401962805;
23467.49883502708;53123.212232972655;-44237.70090790998;-32652.054149157306;-644.1325717130389;-20195.7175368926;-44564.39400486875;-45423.50565475293;-39845.78428814224;120247.132509605;-32335.106412781053;-31038.593475650967;-30738.253085405006;58664.075572976544;-45643.200951004146;-38770.195993208414;
23465.822454192934;53134.07518077793;-44243.0429748348;-32643.761651964385;-698.0896828281502;-20178.551397150924;-44569.28903690446;-45406.406570244624;-39802.4442556434;120236.76130017774;-32456.163460750995;-31003.009498478117;-30699.40575354168;58661.058087475074;-45601.44789236163;-38724.37491707503;
23461.709733213156;53117.400779414274;-44246.77571615884;-32660.346646350226;-661.3210631991701;-20208.99447309905;-44579.772005054;-45432.28989032387;-39844.19731428591;120238.2812188007;-32355.804128146665;-31041.879182085897;-30736.487297593034;58669.12706722344;-45643.402116704245;-38769.27957168574;
23464.660163481258;53119.144215481785;-44243.467657979454;-32653.328198591258;-784.5015268923673;-20196.633958415267;-44574.09466196235;-45419.214119817516;-39812.770761581756;120227.08299482858;-32476.57060343869;-31021.360280675923;-30699.629270986235;58666.4001543999;-45616.84824429134;-38743.32919637313;
23462.492044269093;53095.6301803148;-44240.00313758888;-32657.03858817084;-729.9632704214181;-20212.749566167542;-44576.59805734135;-45445.052736407844;-39845.806639886694;120228.28998902917;-32387.051866895185;-31050.462251956735;-30731.74872776851;58674.04445100361;-45651.89577959726;-38781.729493347346;
23479.814646221956;53111.097587477874;-44217.85255883367;-32634.306864059792;-878.8482402382184;-20187.581501910867;-44556.928522220674;-45434.90504442514;-39800.92433702044;120219.46104996932;-32478.29168776175;-31013.671280583298;-30685.70413419058;58673.731526581236;-45603.68306680716;-38733.71794625735;
23468.281146083016;53096.278380904005;-44225.921538582035;-32648.4555183;-790.7600153398532;-20202.311301506914;-44568.462022359614;-45453.41228883413;-39827.277043733244;120218.81284938012;-32399.099457156597;-31032.87142907041;-30715.208436871584;58681.062898762575;-45628.851131063835;-38763.66928382746;
23488.531826559523;53114.785625313;-44204.84384356068;-32618.705346429986;-952.5195899629105;-20168.38135342376;-44539.82943771237;-45453.34523360077;-39782.14887167798;120210.22977950929;-32458.063359029697;-30997.063934453006;-30680.5408812214;58679.6994423508;-45586.762796254494;-38719.34577457259;
23465.08484662591;53090.22105815662;-44230.50364619537;-32643.98516940894;-844.2477398214031;-20188.967310067095;-44563.499935090535;-45445.075088152305;-39808.07689524614;120209.80509636464;-32404.530931059235;-31013.447763138745;-30710.55927402488;58685.533247653635;-45614.27779367898;-38748.13482143102;
23494.87972198483;53121.96053528316;-44202.429855159506;-32616.53722721782;-1001.112282408748;-20161.18409170915;-44530.19583585213;-45450.75243124395;-39781.61242981105;120205.89354108495;-32443.579428622656;-30993.62176580689;-30688.900433647686;58687.209628487784;-45589.579116055866;-38721.37978331802;
23459.608669234356;53089.304636633955;-44238.3938119881;-32648.6566840001;-875.1154989141821;-20193.549417680435;-44567.277379903484;-45445.052736407844;-39813.3966104265;120201.98198580528;-32420.26655915577;-31013.917149772307;-30709.396983313203;58691.411756445385;-45616.200043702134;-38745.18439116292;
23494.49974232909;53110.628200844316;-44200.99934351437;-32623.399212765602;-1030.01308798946;-20177.344402950337;-44535.85082719932;-45449.746602743464;-39798.286831174715;120198.56216890362;-32416.533817831736;-31002.070725210993;-30687.06759060235;58695.47977393625;-45593.93770622465;-38721.42448680693;
23461.79914019098;53088.63408430029;-44237.879721865625;-32655.965704436985;-893.7568537899082;-20189.66021414521;-44568.126746192786;-45457.61441679173;-39819.72215410735;120191.65547986692;-32416.444410853914;-31010.117353214904;-30705.97716641154;58696.28443673664;-45611.34971515533;-38733.04739392369;
23507.97784423564;53124.86626206234;-44188.95175325296;-32618.682994685532;-1011.595250558287;-20159.88769053074;-44522.14920784822;-45483.36362640424;-39807.227528956835;120191.74488684475;-32373.88668941101;-31006.049335724038;-30696.857654673775;58703.079367051054;-45604.42067437419;-38724.33021358612;
23463.07318962493;53097.50772684905;-44235.488085208905;-32656.055111414807;-868.4323273220454;-20182.99939429753;-44572.26181891702;-45464.96814071752;-39808.65804060198;120186.53693038666;-32396.26078561077;-31005.401135134834;-30695.471846517547;58705.314541496584;-45605.06887496339;-38734.72377475784;
23487.235425381117;53106.426072886716;-44206.00613427236;-32642.04056764133;-973.0608431173376;-20179.199597740128;-44546.043222670945;-45495.79119632139;-39820.88444481903;120184.9723082748;-32340.940218083888;-31019.683899841777;-30704.189026855118;58709.04728282062;-45614.255441934525;-38743.82093475115;
23450.042122607487;53077.03352892799;-44241.81362888976;-32661.41953008408;-842.1913793315148;-20195.561074681413;-44583.10241497784;-45461.32480637131;-39818.71632560687;120175.45046513683;-32398.920643200952;-31016.24173119566;-30701.998555898495;58706.34272174153;-45609.3157064099;-38743.03862369521;
23493.091582428406;53104.72734030811;-44196.908974279046;-32632.518724503367;-911.0794557427712;-20182.15002800823;-44542.042260413444;-45486.872850283726;-39827.433505944435;120178.3114884271;-32302.91990076541;-31025.60711212243;-30711.36393682527;58714.50110846772;-45618.41286640321;-38747.59837956409;
23462.670858224734;53086.39890985476;-44230.727163639924;-32649.03666365584;-804.0145998018503;-20183.848760586832;-44571.546563094445;-45466.68922504059;-39804.9476510224;120170.80130229013;-32381.50863427027;-31003.635347322866;-30700.053954130886;58714.076425323066;-45601.85022376183;-38730.23107412232;
23494.90207372929;53100.14523269478;-44192.304514921256;-32629.79181167982;-834.0106408608724;-20176.651498872223;-44535.94023417714;-45486.1352427167;-39820.05743027418;120175.47281688129;-32269.705208504824;-31022.90255104334;-30716.773058983454;58723.084178338555;-45620.93861352666;-38749.27476039824;
23467.856462938365;53086.19774415466;-44220.91474782405;-32643.471079286468;-751.0633171872279;-20172.60583312581;-44559.43191759967;-45471.65131230967;-39791.91658400495;120168.3649621445;-32365.661247451455;-30995.678126296774;-30692.744933694;58721.56425971559;-45592.440139346145;-38715.61303324855;
23494.008003951076;53097.23950591559;-44194.58439285569;-32629.41183202408;-740.7144595044208;-20171.778818580966;-44531.425181797174;-45501.2897254574;-39814.20127322689;120172.67884882438;-32236.356405777504;-31014.56535036151;-30712.280358347936;58729.34266678604;-45610.545052354944;-38730.38753633351;
23473.287936841007;53100.12288095032;-44221.89822458008;-32637.12318386116;-701.8671276410971;-20172.382315681258;-44552.815801240904;-45476.948675745574;-39787.78151128072;120162.68761905286;-32345.723491397323;-30988.994954704638;-30689.77215168144;58725.47581499527;-45582.60537178581;-38702.3360970421;
23498.36659411986;53105.53200310851;-44201.5357853813;-32632.675186714554;-667.065461524184;-20171.734115092055;-44523.803236937914;-45509.045780783395;-39819.2974709627;120167.91792725539;-32215.7033939008;-31019.23686495267;-30713.956739182086;58734.416512777396;-45615.66360183521;-38738.83649573762;
23484.21793987965;53102.581572840405;-44213.56102389825;-32634.50802975989;-675.4697174393795;-20163.821597554874;-44547.29492036044;-45483.028350237415;-39781.67948504442;120158.82076726208;-32330.45724993435;-30985.284565125057;-30685.905299890674;58731.15315808692;-45583.633552030755;-38699.318611540635;
23486.07313466944;53087.53884882198;-44210.252965718864;-32644.32044557577;-616.9752021998409;-20183.357022208813;-44540.34352783484;-45491.074978241326;-39824.23720648733;120161.99471497473;-32217.335071246038;-31026.5235336451;-30719.03058517344;58738.48453026826;-45628.18057873018;-38749.7441470318;
23480.954585189174;53089.55050582296;-44216.77967509982;-32638.17371585056;-662.259836466293;-20174.32691744887;-44551.16177215121;-45485.7329113165;-39792.29656366069;120153.74692127072;-32335.419337203424;-30999.7684955321;-30685.771189423944;58736.5622802451;-45594.7647207695;-38712.64025123599;
23490.275262627038;53088.99171221158;-44207.526052895315;-32637.905494917097;-564.9626928523413;-20181.99356579704;-44534.86735044329;-45506.85530982677;-39826.29356697721;120158.17256667287;-32214.585806678035;-31027.507010401132;-30718.94117819562;58745.167701860395;-45628.33704094137;-38748.51480108676;
23496.623158052345;53090.17635466771;-44203.52509063782;-32620.31467203077;-644.4678478798685;-20161.76523706499;-44531.93927191964;-45493.35485617576;-39780.20426991037;120149.54479331314;-32304.5739298551;-30986.35744885891;-30675.869366630242;58742.28432682566;-45578.71616825058;-38700.54795748567;
23493.47156208415;53081.86150573033;-44216.24323323289;-32642.21938159697;-531.8150558251209;-20183.17820825317;-44538.93536793415;-45512.91263257416;-39825.35479371009;120150.64002879144;-32210.115457786975;-31022.075536498494;-30708.637024001724;58748.54281527315;-45618.07759023638;-38743.217437650856;
23493.762134762066;53086.1306889213;-44203.90507029356;-32627.131954089637;-635.5718535866563;-20154.255050928004;-44516.874196156765;-45506.7435511045;-39783.91465948995;120142.61575253199;-32288.48067384728;-30983.07174242398;-30673.567136951347;58745.88295768297;-45576.10101414931;-38696.99403011728;
23454.02073312053;53041.87423489979;-44231.06243980675;-32654.89282070313;-495.20289840732795;-20179.445466929134;-44536.78960046644;-45509.470463928046;-39819.43158142943;120145.72264501126;-32210.942472331823;-31004.931748501273;-30698.69049771911;58752.63318450847;-45606.275869163976;-38732.19802763439;
23435.468785222627;53024.48457771356;-44230.682460151016;-32647.98613166644;-617.6010510445894;-20173.008164526007;-44523.13268460425;-45504.53072840342;-39794.017647983754;120142.07931066505;-32258.059949643608;-30982.021210434585;-30672.628363684224;58752.83435020857;-45578.42559557266;-38701.66554470844;
23379.745886295546;52969.18636193113;-44273.5531060163;-32690.834425787263;-454.63448222094564;-20216.48230749158;-44565.35512988033;-45517.9417750766;-39832.79792461371;120141.98990368724;-32207.18737926333;-31014.99003350616;-30708.79348621291;58757.39410607745;-45618.25640419202;-38747.821897008645;
23376.86251126081;52949.136847154725;-44253.324777284244;-32677.80335876982;-574.1492598234726;-20208.122755065295;-44538.89066444524;-45520.646336155696;-39810.33442143613;120142.14636589843;-32216.910388101387;-31001.60133857743;-30686.575852224334;58761.596234035045;-45603.10192145132;-38724.4419723084;
23326.52638274746;52908.70254143507;-44285.37717883315;-32713.18617024257;-403.09135950700755;-20239.594011258367;-44577.358016652826;-45516.57831866483;-39832.820276358165;120142.1016624095;-32195.56447214657;-31018.722774830196;-30709.240521102016;58765.507789314725;-45632.78503808797;-38752.00167322179;
23356.43301682866;52933.37886731373;-44252.11778308365;-32685.335896651257;-517.3981806514479;-20220.617380215812;-44542.44459181364;-45528.91648160416;-39810.26736620276;120139.73237749725;-32184.969745274753;-31006.94340550225;-30687.648735958188;58765.999527692744;-45621.92209028269;-38735.6401962805;
23314.56819946387;52904.92509662212;-44299.21290865099;-32713.81201908732;-352.822286227022;-20243.662028749233;-44590.79141507047;-45514.81253085286;-39816.88348256153;120136.17845012885;-32198.984289048232;-31012.732507316174;-30700.32217506435;58767.050059682144;-45639.2223404911;-38753.90157150049;
23356.120092406287;52924.304059064874;-44262.71250995547;-32688.062809474806;-455.4391450213367;-20228.19462158616;-44559.320158877395;-45537.36544100827;-39810.446180158404;120139.64297051943;-32162.573297330535;-31014.006556750126;-30702.378535554235;58773.979100463286;-45641.859846336825;-38750.347644132096;
23330.594400238326;52919.38667528471;-44303.2585743974;-32707.352364939736;-303.2684687696062;-20241.695075237167;-44595.44057791717;-45511.482120929024;-39806.244052200804;120133.51859253868;-32210.338975231527;-31007.14457120235;-30703.272605332448;58772.54858881815;-45643.469171937606;-38746.16786791896;
23377.756581039022;52943.63831801872;-44261.9972541329;-32681.37963788267;-384.87468777593233;-20223.366644783815;-44555.16273440871;-45518.70173438809;-39805.57349986715;120135.7537669842;-32145.250695377672;-31010.698498570742;-30701.037430886918;58777.24245515376;-45646.15138127225;-38743.82093475115;
23349.39221732524;52937.245719104496;-44300.26344064039;-32704.37958292718;-255.3910321463385;-20228.641656475265;-44588.8244615584;-45510.073961028334;-39798.82327304164;120129.65174074791;-32219.011452080187;-31002.070725210993;-30699.36105005277;58775.946053975356;-45643.200951004146;-38743.57506556214;
23383.72449680859;52961.2514926495;-44265.12649835664;-32683.145425694638;-313.48321598568157;-20227.255848319037;-44558.02375769899;-45546.46260100158;-39810.245014458305;120132.02102566017;-32122.87659917791;-31013.827742794485;-30711.900378692197;58780.751679033245;-45658.914227356225;-38755.66735931246;
23355.874223217277;52953.249568134495;-44302.118635430175;-32705.027783516383;-221.93047069674384;-20237.314133323925;-44597.18401398468;-45510.38688545071;-39802.37720041003;120120.88985692142;-32225.09112657203;-31006.56342584651;-30702.713811721067;58775.029632452686;-45653.28158775349;-38750.124126687544;
23394.073354491396;52977.72472831306;-44262.15371634409;-32682.60898382771;-250.18307568825196;-20231.86030767683;-44562.181182167675;-45522.09919954529;-39823.00786054228;120125.91899942387;-32120.328500310006;-31021.404984164834;-30722.249236375006;58782.31630114512;-45675.38746301979;-38765.502126872794;
23380.796418284943;52977.232989935044;-44283.79020497682;-32687.504015863422;-202.95383965418813;-20231.770900699008;-44591.886650548775;-45514.29844073039;-39796.43163638492;120115.99482488571;-32228.71210917379;-30998.002707720127;-30692.342602293804;58777.175399920394;-45652.72279414211;-38743.61976905105;
23408.847857576355;52989.951132530114;-44252.92244588405;-32672.88597498965;-213.88384269283327;-20236.062435634427;-44564.282246146475;-45545.63558645673;-39820.61622388557;120117.33592955304;-32108.370317026416;-31024.064841755015;-30720.326986351847;58782.00337672274;-45683.255277068056;-38773.36994092106;
23390.094743978352;52986.57601911736;-44273.97778916095;-32680.2620506599;-220.81288347397847;-20233.33552281088;-44587.75157782454;-45521.339240233814;-39792.69889506089;120107.47881024824;-32231.684891186345;-31002.383649633368;-30703.049087887895;58778.315338887616;-45657.88604711128;-38755.309731401176;
23408.669043620714;52988.38651041824;-44246.14986731409;-32672.975381967473;-205.4572350331825;-20232.553211754945;-44560.28128388897;-45523.48500770152;-39818.6492703735;120111.9044556504;-32112.617148472924;-31023.43899291027;-30726.384309099238;58786.831353525085;-45681.93652414519;-38777.63912411203;
23400.197732472152;52987.55949587339;-44248.496800481895;-32668.817957498784;-248.01495647608718;-20220.34915928235;-44569.53490609347;-45528.312984503864;-39775.51040357476;120099.85686538898;-32232.087222586542;-30983.31761161299;-30691.426180771137;58781.668100555915;-45635.2213782336;-38734.72377475784;
23415.441622190672;52984.653769094206;-44231.46477120695;-32666.09104467524;-198.7517116965904;-20227.009979130027;-44548.07723141638;-45536.091391574315;-39802.53366262122;120100.68387993383;-32105.241072802673;-31003.434181622768;-30722.629216030746;58788.664196570426;-45658.422488978205;-38760.47298437035;
23413.29585472296;52986.173687717164;-44237.455038720975;-32655.138689892137;-287.62224765089127;-20213.017787101006;-44550.49121981755;-45529.18470253763;-39756.44436555438;120087.76457163866;-32211.65772815439;-30953.008646131595;-30670.30378226087;58782.562170334124;-45603.95128774062;-38698.89392839598;
23406.456220919637;52981.03278649245;-44250.08377433822;-32675.12114943518;-216.34253458291707;-20232.307342565935;-44552.458173329615;-45545.83675215683;-39807.33928767911;120091.02792632913;-32112.505389750648;-30996.438085608257;-30717.912997950676;58790.65350182695;-45658.19897153365;-38757.36609189106;
23413.340558211872;52998.5118506565;-44246.261626036365;-32667.655666787112;-326.11195160293005;-20218.538667981466;-44550.89355121774;-45538.617138697766;-39779.265496643246;120083.65185065889;-32207.9026350859;-30968.49840503912;-30695.807122684375;58788.95476924835;-45627.68884035216;-38717.490579782796;
23405.49509590806;52987.91712378468;-44254.33060578473;-32687.995754241438;-221.17051138526338;-20234.117833866818;-44553.039318685456;-45538.192455553115;-39819.677450618445;120085.10471404847;-32118.92034040932;-30998.919129242797;-30723.478582320047;58794.63211233999;-45665.57504720391;-38756.29320815721;
23432.428947976703;53021.37768523428;-44233.29761425229;-32658.26793411588;-342.7640012221338;-20206.58048469788;-44521.6574694702;-45541.0981823323;-39780.248973399284;120076.92397557784;-32181.192300461807;-30961.524660769068;-30692.163788338163;58791.27935067169;-45626.191273473654;-38712.19321634689;
23416.760375113532;53002.82573733637;-44246.23927429191;-32680.440864615546;-213.0121246590763;-20223.701920950643;-44531.26871958598;-45544.31683353386;-39811.004973769785;120077.8403971005;-32109.9796426272;-30976.32151559848;-30729.312387622882;58795.74969956276;-45657.37195698881;-38738.85884748207;
23434.64177067778;53011.38645546275;-44217.69609662248;-32656.23392537045;-348.7542687361561;-20198.399746227235;-44502.122044816264;-45547.24491205751;-39773.16347040695;120072.96771680925;-32149.631637290913;-30943.777375671554;-30696.83530292932;58794.76622280672;-45617.541148369455;-38700.10092259657;
23413.765241356523;52989.21352496309;-44239.71256491096;-32682.251355916425;-209.92758392424392;-20224.886563406773;-44531.62634749727;-45542.68515618863;-39805.774665567245;120069.92787956333;-32112.97477638421;-30971.337076584947;-30726.94310271062;58795.90616177394;-45655.561465687926;-38740.17760040493;
23442.710750426144;53014.001609564024;-44199.74764582487;-32651.763576479385;-356.2868066175946;-20207.228685287082;-44504.8042541509;-45555.73857495053;-39780.56189782166;120068.45266442928;-32130.65500624836;-30956.048483377515;-30699.986898897518;58797.671949585914;-45631.26511946501;-38722.743239729796;
23409.29489246546;52993.75092908752;-44230.36953572864;-32679.83736751525;-200.6739617197468;-20229.871002420306;-44535.24733009903;-45548.78718242493;-39803.96417426636;120064.42935042732;-32125.245884090175;-30968.45370155021;-30719.477620062546;58797.71665307482;-45650.822895863406;-38752.47105985535;
23438.866250379833;53002.82573733637;-44198.76416906884;-32651.405948568103;-325.79902718055575;-20214.068319090406;-44497.517585458474;-45557.549066251406;-39786.79803452468;120065.68104811682;-32100.055468089042;-30948.135965840338;-30700.478637275537;58801.71761533232;-45624.939575784156;-38730.499295055786;
23403.774011585;52979.758737058495;-44236.85154162068;-32675.836405257753;-183.8878016338112;-20233.804909444443;-44528.94413816263;-45556.78910693993;-39796.90102301849;120060.13781549191;-32119.568540998527;-30946.25841930609;-30696.58943374031;58800.5776763651;-45624.246671706045;-38742.32336787264;
23436.787538145487;52997.61778087828;-44197.668933590525;-32649.103718889204;-293.7242738871901;-20214.38124351278;-44484.21829750756;-45575.63162751575;-39788.988505481306;120060.07076025853;-32065.05263627203;-30938.5023639801;-30693.21432032756;58804.06454850013;-45613.49548262304;-38729.515818299755;
23395.705031836635;52971.91327475468;-44241.299538767285;-32676.529309335867;-159.70321413316896;-20230.116871609316;-44519.04231536893;-45552.4528685156;-39789.94963049288;120051.39828340987;-32108.05739260404;-30933.719090666666;-30685.63707895721;58801.6282083545;-45609.80744478792;-38731.86275146756;
23439.53680271349;52996.030807021954;-44196.2831254343;-32646.89089618813;-238.40370636030514;-20209.106231821326;-44467.20861997707;-45555.98444413954;-39790.97781073783;120054.840452056;-32018.650414782813;-30933.36146275538;-30692.49906450499;58808.93722879139;-45608.33222965387;-38721.13391412901;
23406.05388951944;52980.92102777017;-44236.538617198305;-32670.42728309957;-128.94721376266645;-20216.795231913955;-44494.030713323446;-45554.129249349746;-39772.22469713983;120046.21267869625;-32091.78532264058;-30913.915445079263;-30677.67985793112;58805.562115378634;-45592.998932957526;-38710.65094597947;
23440.140299813786;53000.56821114638;-44205.581451127706;-32652.031797412852;-187.3299702799285;-20208.61449344331;-44448.63432033471;-45578.53735429494;-39783.86995600104;120048.91723977534;-31993.39294354832;-30915.368308468856;-30686.821721413344;58811.06064451464;-45599.72680803857;-38707.5887569891;
23414.413441945726;53054.23474958358;-44241.1430765561;-32667.56625980929;-114.95502173364423;-20215.699996435644;-44475.0987857698;-45554.129249349746;-39770.12363316103;120038.54603034808;-32101.06129658953;-30891.608404112867;-30684.20656731207;58804.75745257825;-45580.72782525156;-38697.73163768431;
23454.914802898744;53116.216136958144;-44205.49204414988;-32644.94629442052;-131.60707135284798;-20209.91089462172;-44426.908424724155;-45563.76285120998;-39790.46372061536;120044.91627751784;-31992.923556914757;-30897.01752627105;-30689.5933377258;58812.08882475959;-45591.456662590106;-38714.02605939222;
23443.91774462673;53137.36088721286;-44224.446323447984;-32646.197992110014;-96.80540523593488;-20203.585350940866;-44433.72570678302;-45554.73274645004;-39753.605694008555;120035.86382101344;-32106.112790836432;-30845.653217512754;-30650.276619228916;58806.65735085695;-45544.07096434486;-38678.35267524156;
23468.661125738756;53137.07031453495;-44203.10040749316;-32640.632407740643;-110.48467284258281;-20208.14510680975;-44404.1319971242;-45559.24779883001;-39780.42778735492;120037.8307745255;-32005.90992044329;-30864.451034599668;-30684.743009179;58810.27833345871;-45566.19919135561;-38723.30203334118;
23444.096558582372;53124.530985895515;-44227.84378860519;-32654.691655003033;-132.8811207868005;-20218.04692960345;-44452.143544214196;-45560.767717452974;-39751.862257941044;120028.62185580992;-32147.217648889742;-30851.44231932668;-30671.756645650465;58805.629170612;-45530.52580720494;-38709.64511747898;
23472.393867062794;53156.09164906641;-44201.5357853813;-32640.99003565193;-99.42055933720582;-20209.91089462172;-44424.44973283407;-45577.889153705735;-39785.50163334628;120032.71222504524;-32042.00798773861;-30902.717221107152;-30703.764343710467;58811.46297591484;-45554.24100807202;-38746.86077199707;
23452.74668368658;53154.884654865826;-44221.51824492434;-32651.31654159028;-161.80427811196782;-20212.123717322793;-44461.1960007186;-45569.93193267965;-39731.455115253346;120026.14081217538;-32166.909535754865;-30871.044799213985;-30668.850918871274;58807.70788284635;-45501.31207720186;-38694.44593124938;
23475.634870008813;53177.83989642142;-44201.93811678149;-32652.32237009077;-98.48178607008292;-20220.215048815615;-44455.429250649126;-45592.864822490796;-39767.12849940402;120028.30893138754;-32065.276153716586;-30916.68706139172;-30706.737125723022;58811.84295557058;-45555.73857495053;-38761.50116461529;
23462.804968691467;53187.8534779374;-44208.42012267353;-32658.491451560436;-185.1618510677637;-20219.969179626605;-44466.29219845441;-45573.21763911458;-39712.27731851069;120019.10001267196;-32157.23123040572;-30885.461674387658;-30669.052084571373;58806.8808683015;-45533.87856887324;-38730.29812935569;
23468.50466352757;53198.47055655367;-44190.58343059819;-32668.952067965518;-80.93566667266687;-20237.00120890155;-44465.46518390956;-45585.28758112044;-39758.12074638853;120021.33518711748;-32057.073063501488;-30928.98052084214;-30725.22201838756;58811.84295557058;-45599.61504931629;-38761.85879252658;
23510.03420472553;53266.44221144226;-44163.94015120747;-32646.108585132195;-186.21238305716315;-20210.983778355574;-44449.81896279084;-45579.87845896226;-39715.0712865676;120015.61314053692;-32143.283741865605;-30897.106933248873;-30682.55253822238;58810.01011252524;-45565.12630762176;-38724.129047886025;
23493.762134762066;53256.58509213747;-44164.40953784103;-32653.663474758087;-56.23698904955257;-20226.76410994102;-44444.74511679949;-45578.85027871731;-39740.7310892023;120016.21663763722;-32075.289735232564;-30905.488837419613;-30699.048125630397;58813.58639163809;-45591.8589939903;-38757.053167468686;
23491.236387638615;53256.29451945955;-44170.10923267713;-32658.804375982807;-194.75074943909044;-20239.43754904718;-44427.60132880227;-45588.48388057755;-39718.11112381353;120009.86874221191;-32148.290532623596;-30860.919458975728;-30661.743064134487;58812.15587999295;-45559.784240696936;-38680.40903573144;
23516.069175728462;53285.1282698069;-44144.13650562007;-32652.679998002055;-47.87743662326773;-20230.13922335377;-44415.77725598541;-45584.59467704233;-39748.129516617;120003.3196810865;-32099.943709366766;-30852.671665271722;-30662.92770659062;58811.12769974801;-45589.33324686685;-38713.60137624757;
23559.163339038296;53332.53631979661;-44100.282382998754;-32624.15917207708;-187.48643249111564;-20210.782612655476;-44371.78902289737;-45584.59467704233;-39702.24138525026;119997.88820718387;-32129.470363792225;-30792.85839710932;-30613.686813555578;58805.76328107873;-45545.389717267724;-38677.346846741064;
23530.776623580055;53612.44721561042;-44115.92860411747;-32662.40300684011;-39.74140164153596;-20238.096444379862;-44376.59464795526;-45595.301162636424;-39729.063478596625;119995.96595716072;-32115.00878512964;-30809.465743239612;-30637.804345822853;58802.54462987717;-45584.84054623134;-38710.65094597947;
23587.77357194109;54009.41419713667;-44054.72952779884;-32618.50418072989;-163.52536243502647;-20202.758336396022;-44323.17397870708;-45607.99695348704;-39699.156844515426;119983.33722154346;-32130.07386089252;-30784.074161538385;-30611.07165945431;58795.63794084048;-45580.97369444057;-38705.64415522148;
23574.273118290082;54040.1031422738;-44089.039455537735;-32637.257294327894;-10.795892571913312;-20217.19756331415;-44338.4178684256;-45590.048502689424;-39710.84680686555;119969.1662155588;-32155.97953271622;-30764.359922928805;-30585.277746352884;58791.167591949416;-45576.21277287159;-38715.63538499301;
23635.986284731185;54136.819140531916;-44046.146457928;-32590.45274143848;-116.83256826789001;-20180.339536707346;-44290.47337656896;-45596.03877020345;-39699.849748593544;119966.57341320199;-32137.69580575178;-30757.922620525675;-30551.325446525272;58787.9265890034;-45528.603557181785;-38672.07183504961;
23606.86196170592;54177.164039273746;-44098.53894693124;-32628.383651779135;39.49553245252758;-20219.656255204234;-44346.576255151784;-45596.418749859185;-39705.88471959648;119964.89703236784;-32177.07957948203;-30747.149079698218;-30551.61601920319;58784.953806990845;-45522.90386234568;-38686.64517243447;
23661.5343286436;54238.72074350366;-44054.930693498936;-32599.214625264958;-28.721991625069574;-20209.19563879915;-44322.592833351235;-45625.07368625089;-39706.53292018568;119971.15552081533;-32128.196314358273;-30747.99844598752;-30562.054283863818;58800.331807176095;-45518.7911413659;-38681.839547376585;
23645.01638949113;54368.76319274464;-44097.68958064194;-32620.40407900859;128.4107718957391;-20229.602781486843;-44356.34396747875;-45596.86578474829;-39696.1170072695;119962.50539571112;-32190.669440110858;-30738.27543714946;-30558.790929173345;58809.65248461396;-45504.083693514316;-38682.93478285489;
23702.147448318894;54479.47138303178;-44051.73439404183;-32594.565462418257;83.01437890701042;-20229.893354164764;-44310.09820820072;-45623.35260192783;-39706.71173414132;119957.31979099748;-32114.137067095886;-30746.74674829802;-30557.941562884043;58826.39394121098;-45511.52682441793;-38685.61699218953;
23671.346744459483;54447.06135357158;-44082.1551182455;-32625.567331977767;197.5223657515485;-20270.35001162887;-44330.19242646604;-45601.71611329509;-39696.22876599178;119935.52684015356;-32215.546931689612;-30742.499916851513;-30540.12722255316;58832.9877058253;-45505.22363248153;-38673.65880890594;
23713.45743101328;54415.880670056424;-44047.442859106406;-32606.098962557193;179.68567367621347;-20261.275203380013;-44289.95928644649;-45605.62766857477;-39725.084868083584;119928.59779937242;-32139.528648797113;-30773.43473117766;-30569.13978685615;58850.08679033361;-45530.838731627315;-38704.70538195436;
23692.64795692539;54360.06836415153;-44072.43210940744;-32618.07949758524;276.3569684454165;-20283.962224002153;-44311.79694077933;-45603.72777029607;-39704.78948411816;119910.2023136857;-32249.834507684056;-30743.23752441854;-30547.99503660143;58857.32875553713;-45492.729007331014;-38653.56459064062;
23721.92874216184;54345.025640133106;-44043.21837940435;-32610.50225621489;294.77480587658954;-20305.30813995697;-44283.18670787653;-45604.13010169627;-39734.49495249927;119900.43460135873;-32130.74441322618;-30759.33078042636;-30557.963914628497;58869.532808009724;-45501.133263246214;-38683.1806520439;
23724.7003584743;54345.18210234429;-44063.11143196958;-32608.15532304708;359.70662351925654;-20303.11766900035;-44294.80961499329;-45605.89588950824;-39719.58633894758;119881.1003424049;-32257.992894410243;-30727.479544577545;-30544.86579237769;58872.77381095575;-45463.71644302803;-38647.88724754897;
23727.516678275668;54306.58063966998;-44050.639158563514;-32610.41284923707;410.98152529973095;-20332.53256470353;-44279.275152596856;-45618.88225303677;-39752.24223759678;119871.80201671149;-32136.712328995745;-30740.041224961427;-30556.443996005535;58885.55900878418;-45483.87771652672;-38674.93285833989;
23721.861686928474;54293.59427614144;-44068.58760936113;-32608.714116658466;430.91928135386485;-20339.97569560715;-44307.59481282173;-45611.528529110976;-39736.01487112223;119849.20440306717;-32260.071606644586;-30721.824553230355;-30535.790984128835;58888.554142541194;-45467.62799830771;-38670.26134374873;
23726.108518374982;54261.29600540352;-44055.08715571012;-32618.057145840783;518.0016777517412;-20357.678277215753;-44306.29841164332;-45641.81514284792;-39778.39377860949;119839.41433899575;-32134.03011966111;-30755.262762935494;-30572.939583413554;58901.22758164735;-45501.826167324325;-38708.885158167504;
23728.388396309423;54238.22900512565;-44043.35248987109;-32606.233073023926;493.6382762954565;-20350.436312012233;-44305.337286631744;-45620.22335770409;-39742.87685667001;119816.77202186252;-32242.413728524894;-30734.6544545477;-30546.94450461203;58899.21592464637;-45469.63965530869;-38677.54801244116;
23729.707149232287;54193.32435051494;-44040.82674274764;-32609.474075969945;594.1764228554276;-20359.533472005543;-44315.66379257009;-45642.30688122593;-39770.794185494684;119804.00917577854;-32131.280855093108;-30788.23158600707;-30582.52848178488;58904.066253193174;-45521.339240233814;-38739.48469632682;
23743.431120327845;54211.07163561245;-44023.325326839135;-32588.8434158377;534.7207826043109;-20341.942649119217;-44271.38498680413;-45628.56055838592;-39703.91776608441;119780.69630631166;-32223.213580037784;-30745.383291886246;-30526.023271801863;58899.77471825776;-45472.746547787974;-38660.426576188394;
23731.47293704426;54228.17072012076;-44048.694556795905;-32614.436163239025;662.3268916996589;-20377.12429489187;-44295.72603651596;-45642.284529481476;-39744.933217159894;119768.20168116114;-32132.085517893498;-30787.203405762128;-30586.52944404238;58904.6026950601;-45521.20512976708;-38717.490579782796;
23750.31545762008;54273.298892176026;-44045.87823699453;-32594.900738585085;571.489402233291;-20359.578175494455;-44293.021475436864;-45636.36131720082;-39723.09556282706;119747.54866928443;-32213.579978177546;-30762.348265927827;-30560.5120134964;58902.34516887012;-45487.54340261739;-38684.56646020013;
23741.844146471518;54280.29498819054;-44083.25035372381;-32619.420602252558;719.7261714608874;-20388.121353163882;-44313.786246035845;-45632.65092762124;-39769.698950016376;119733.98116040006;-32142.903762209866;-30784.34238247185;-30597.951185459042;58906.56964857217;-45512.39854245169;-38718.36229781655;
23764.79938802712;54314.49315720715;-44098.31542948668;-32593.626689151133;609.3756090850364;-20373.391553567835;-44285.44423406652;-45639.71407886912;-39746.833115438596;119714.62454970177;-32199.967765804264;-30750.591248344335;-30577.208766604515;58903.865087493075;-45478.692111813085;-38671.781262371696;
23734.37866382345;54283.9606742812;-44200.932288281;-32641.28060832985;762.3062446482473;-20416.37395815539;-44373.6218659427;-45650.28645399648;-39803.897119033;119705.84031413082;-32163.288553153106;-30800.94972860214;-30655.462223942548;58909.94476198492;-45543.15454282219;-38695.22824230531;
23902.26261642726;54327.99361085816;-44203.74860808237;-32619.912340630573;661.8351533216421;-20396.145629423336;-44338.194350981044;-45654.19800927616;-39801.97486900984;119689.52354067845;-32190.6470883664;-30789.840911607855;-30669.40971248266;58911.1070526966;-45535.86787412976;-38694.691800438384;
24013.149620670036;54337.537805740576;-44247.870951637145;-32652.41177706859;838.9950798744059;-20430.61201937342;-44383.009598613935;-45659.11539305632;-39830.54039842372;119672.67032535915;-32167.311867155062;-30787.918661584696;-30697.259986073972;58913.431634119945;-45558.37608079625;-38715.523626270726;
24093.928825131516;54416.305353201074;-44207.34723893968;-32606.724811401942;733.5619012787225;-20392.6140537994;-44340.720098104495;-45669.03956759448;-39811.22849121434;119661.27093568695;-32152.98439895921;-30801.8214466359;-30692.610823227267;58918.01374173329;-45586.628685787764;-38710.11450411254;
24054.500347912355;54494.29058960565;-44258.353919786685;-32634.50802975989;902.7422550609416;-20412.618865086897;-44375.63352294368;-45654.19800927616;-39819.2974709627;119645.89293550169;-32158.348817628485;-30829.559961504932;-30713.129724637238;58917.61141033309;-45643.89385508226;-38741.42929809443;
24107.362223549157;54608.86563168355;-44202.161634226046;-32594.520758929346;807.7920446147972;-20381.41582982729;-44320.40236239462;-45681.10950960035;-39791.44719737139;119638.986246465;-32103.475284990705;-30803.81075189242;-30700.523340764445;58923.66873308048;-45639.93759631367;-38689.6850096804;
24067.866691096628;54621.67318125644;-44283.14200438762;-32641.124146118662;948.3621654942234;-20426.23107746018;-44395.97361039801;-45659.540076200974;-39809.328592935635;119624.50231605797;-32159.22053566224;-30843.418043067224;-30717.711832250578;58921.88059352405;-45673.867544396824;-38725.82778046463;
24114.514781774855;54674.19978072641;-44231.95650958497;-32603.774381133844;873.9755599469614;-20391.205893898714;-44321.698763573026;-45677.39912002077;-39804.008877755274;119620.6354642672;-32092.657040674338;-30838.701824987154;-30763.287039194947;58926.64151509303;-45687.25623932556;-38720.485713539805;
24107.406927038068;54651.62451882655;-44303.325629630766;-32644.253390342405;984.1696601116253;-20434.791795586563;-44418.07948566431;-45660.098869812355;-39791.715418304855;119611.7841734629;-32155.063111193555;-30813.936092130672;-30724.216189887073;58924.78632030325;-45666.1785443042;-38702.71607669784;
24313.13238300471;54663.76151606578;-44267.38402454663;-32611.955119604485;931.4865984304665;-20424.487641392665;-44378.382787511684;-45679.14255608828;-39824.17015125396;119629.77732774941;-32065.656133372326;-30871.15655793626;-30748.37842564326;58930.88834653954;-45704.42237906723;-38745.83259175213;
24699.705803359248;54639.62163205405;-44324.53743511885;-32657.172698637572;1031.0412682344042;-20458.70816215374;-44448.94724475709;-45668.43607049419;-39797.77274105224;119656.75588330698;-32142.054395920564;-30847.128432646805;-30747.596114587323;58928.49670988283;-45695.14640511828;-38708.66164072295;
24891.506122530238;54529.80751154513;-44340.83185682677;-32658.17852713806;993.0656544048375;-20458.61875517592;-44448.38845114571;-45688.59734399287;-39850.03111958875;119710.62358744426;-32014.358879847394;-30903.566587396457;-30787.60573716232;58935.04577100823;-45748.254149944085;-38741.183428905424;
24870.607241464528;54383.00125396267;-44416.82778797481;-32684.017143728393;1037.4785706375326;-20486.200807833768;-44522.64094622624;-45664.39040474778;-39829.333404223136;119766.32413462689;-32101.418924500817;-30899.69973560569;-30804.682469926178;58931.7600645733;-45723.778989765524;-38726.76655373175;
24917.009462953745;54224.10270262989;-44386.563525982325;-32675.18820466855;1036.2715764369461;-20490.648804980374;-44496.02001857996;-45694.76642546254;-39872.27110532178;119839.77196690704;-31949.158841271266;-30950.058215863493;-30821.490981756568;58939.80669257721;-45747.360080165876;-38780.36603693558;
24962.07057977564;54126.8726142493;-44400.08633137779;-32676.059922702305;1057.7739546029513;-20484.166799088336;-44496.22118428006;-45665.217419292625;-39848.958235854894;119909.12942995185;-32039.348130148428;-30930.947474354205;-30788.164530773705;58938.77851233227;-45702.63423951081;-38734.142629402;
25135.29659930427;54053.44713371362;-44386.60822947124;-32676.931640736064;1101.4045597797108;-20495.879113182917;-44473.08712876882;-45667.83257339389;-39880.89887868153;119995.60832924943;-31889.144407408767;-30967.559631772;-30806.649423438244;58947.42863743647;-45734.93251024873;-38761.25529542629;
25199.17788495754;53843.698363745025;-44395.03483713089;-32676.6634198026;1078.2928560129233;-20482.44571476528;-44470.47197466755;-45663.384576247285;-39851.059299833694;120069.92787956333;-32004.85938845389;-30948.270076307068;-30778.70974286911;58946.176939746976;-45707.39516107979;-38730.92397820044;
25200.22841694694;53768.060060508265;-44379.567429967814;-32681.424341371578;1142.397659110744;-20492.839275936996;-44459.9443030291;-45680.595419477875;-39882.68701823795;120151.84702299202;-31884.2270236286;-30976.165053387293;-30807.18586530517;58956.27992824077;-45741.66038532977;-38761.34470240411;
25209.57144612926;53732.185510657495;-44384.70833119254;-32673.578879067765;1078.7398909020294;-20478.981194374705;-44462.53710538591;-45662.51285821353;-39836.865942104574;120213.64959641095;-31994.510530771084;-30944.805555916497;-30766.32687644087;58954.894120084544;-45709.742094247595;-38728.867617710544;
25213.930036298043;53684.39748101205;-44383.79190966987;-32684.397123384137;1179.6580171177409;-20498.740136473196;-44459.474916395535;-45661.864657624326;-39882.55290777122;120282.5376728222;-31888.004468441544;-30986.715076770197;-30812.215007807616;58964.10303880013;-45765.666158874774;-38791.29603997422;
25222.624864891157;53656.70366963192;-44376.63935144417;-32666.426320842067;1090.6757224411635;-20478.86943565243;-44455.45160239358;-45662.64696868026;-39832.44029670242;120337.16533627098;-31971.57764095994;-30944.51498323858;-30762.549431627922;58961.44318120995;-45720.71680077515;-38750.5935133211;
25195.400440144593;53597.29273286972;-44406.07659889181;-32701.585614870266;1208.7376366540952;-20515.615703536954;-44479.45737593858;-45662.28934076898;-39878.59664900263;120399.28083411227;-31884.2270236286;-30975.583908031454;-30806.738830416067;58969.24394002485;-45764.92855130775;-38784.188185237435;
25225.41883294807;53637.36941067808;-44383.09900559176;-32671.299001133324;1104.4891005145432;-20478.645918207876;-44438.933663241114;-45662.89283786927;-39841.15747703999;120446.30890444624;-31958.65833266477;-30944.716148938674;-30765.812786318398;58968.036945824264;-45732.00443172508;-38758.26016166928;
25190.41600113106;53594.16348864597;-44409.96580242703;-32706.301832950336;1258.6714337672513;-20515.280427370122;-44472.95301830209;-45675.18629731969;-39870.304151809716;120498.90255914957;-31893.68181153319;-30958.574230500966;-30798.51338845651;58973.40136449354;-45762.82748732895;-38781.26010671379;
25224.167135258573;53644.030230525765;-44364.278836760386;-32667.11922492018;1147.1585806797243;-20481.57399673152;-44442.53229409842;-45671.85588739585;-39844.51023870829;120545.64005680563;-31941.693358623193;-30944.22441056066;-30773.971173044585;58975.033041838775;-45742.82267604145;-38771.58180136464;
25190.41600113106;53617.78928253523;-44394.38663654168;-32699.596309613742;1304.8277860674605;-20502.361119074958;-44451.025956991434;-45660.90353261275;-39860.69290169393;120591.75170561693;-31907.383430884296;-30947.26424780658;-30785.14704527224;58977.15645756203;-45764.23564722963;-38779.78489157974;
25239.32161799927;53651.495713173834;-44339.60251088173;-32660.95014345052;1175.0535577599476;-20465.99483084617;-44393.69373246357;-45657.95310234465;-39835.03309905924;120631.91779040311;-31928.930512539213;-30920.106878293383;-30767.26564970799;58977.0223470953;-45744.58846385342;-38744.536190573715;
25213.483001408935;53633.32374493167;-44353.8182203553;-32686.922870507584;1327.5595101785077;-20488.257168323657;-44419.39823858717;-45662.64696868026;-39824.37131695406;120668.14996816516;-31925.7342130821;-30903.946567052197;-30760.068387993386;58978.85519014063;-45751.271635445555;-38763.15519370499;
25244.864850624188;53651.20514049592;-44308.46653085548;-32656.859774215198;1190.3197992229223;-20466.687734924286;-44371.56550545282;-45663.675148925206;-39805.03705800022;120702.75046858197;-31917.9334542672;-30890.468465145645;-30754.055768734906;58980.95625411943;-45745.616644098365;-38755.35443489008;
25199.69197508001;53642.487960158345;-44341.39065043815;-32687.772236796885;1335.2708620155886;-20484.412668277346;-44396.66651447613;-45662.87048612481;-39808.479226646334;120729.997245073;-31944.152050513276;-30877.21388068365;-30764.47168165108;58978.810486651724;-45748.5000191331;-38766.73147281784;
25227.922228327065;53682.02819609978;-44291.836832980734;-32655.876297459163;1218.9970873590812;-20464.29609826757;-44351.31482497631;-45676.326236286906;-39794.93406950642;120762.94371640013;-31893.0783144329;-30840.735833732586;-30763.264687450494;58983.61611170961;-45715.50884431706;-38736.53426605872;
25187.152646440583;53669.08653606016;-44322.90575777361;-32670.784911010855;1352.191132568256;-20468.900557625362;-44379.16509856762;-45655.89674185476;-39784.69697054589;120784.40139107722;-31949.449413949184;-30807.163513560718;-30739.013044716485;58981.80562040873;-45683.94818114617;-38737.92007421495;
25202.30712918128;53675.90381811903;-44288.349960845706;-32650.578934023255;1255.229265121134;-20463.11145581144;-44356.67924364558;-45682.204745078656;-39777.097377431084;120812.40812687972;-31868.245526343053;-30782.554242915423;-30735.056785947894;58987.281797800286;-45658.66835816722;-38720.86569319555;
25157.894212948588;53659.7658586223;-44329.85715029921;-32673.69063779004;1351.6323389568734;-20484.971461888726;-44406.32246808082;-45652.58868367537;-39773.85637448506;120828.14375497625;-31952.109271539364;-30774.775835844976;-30728.999463200507;58983.146725076054;-45646.66547139472;-38738.7917922487;
25211.717213596967;53689.78425142578;-44271.8990769266;-32633.099869859205;1287.326370158955;-20449.655705649344;-44343.20114173903;-45672.63819845179;-39773.63285704051;120850.42844419819;-31848.933619133666;-30760.85069904932;-30744.176297685663;58986.94652163345;-45639.40115444674;-38724.129047886025;
25185.565672584256;53687.25850430233;-44298.989391206436;-32647.717910732976;1350.8500279009377;-20445.095949780458;-44360.16611578061;-45653.70627089814;-39732.25977805374;120859.03386581349;-31940.262846978054;-30714.4484775601;-30699.249291330492;58982.87850414259;-45593.15539516871;-38696.74816092827;
25212.700690353002;53686.96793162441;-44271.4520420375;-32633.03281462584;1308.6946378582286;-20454.23781326268;-44328.337231676254;-45664.21159079213;-39755.75146147626;120878.32342127842;-31819.71988913058;-30733.335701624837;-30734.207419658593;58992.46740251391;-45617.89877628074;-38721.91622518495;
25195.31103316677;53690.164231081515;-44293.46851032597;-32644.812183953785;1337.9307196057703;-20454.05899930704;-44352.29830173234;-45654.08625055388;-39725.353089017044;120876.40117125526;-31922.917893280734;-30700.50098901999;-30702.26677683196;58986.34302453316;-45581.174860140665;-38687.338076512584;
25224.211838747484;53700.96012365343;-44274.223658349954;-32638.866619928674;1336.9248911052814;-20463.33497325599;-44345.50337141793;-45682.540021245484;-39764.021606924725;120891.35448829587;-31791.444932394617;-30726.60782654379;-30731.100527179307;58993.78615543678;-45605.9629447416;-38720.776286217726;
25182.54818708279;53690.47715550389;-44308.91356574459;-32655.071634658772;1329.5041119461193;-20469.52640647011;-44389.089273105776;-45654.712099398625;-39742.206304336345;120890.39336328428;-31908.07633496241;-30701.46211403157;-30703.518474521457;58986.14185883306;-45566.69092973363;-38691.048466092165;
25199.446105891002;53682.117603077604;-44293.513213814884;-32651.98709392394;1380.9801794266916;-20471.806284404553;-44371.476098474996;-45659.58477968988;-39791.26838341575;120906.15134312527;-31781.47605436755;-30745.427995375157;-30742.70108255161;58992.84738216965;-45604.48772960755;-38749.16300167597;
25175.909718979565;53646.533625904754;-44293.40145509261;-32644.78983220933;1340.5905771959517;-20467.492397724676;-44396.62181098721;-45653.16982903121;-39742.60863573654;120910.30876759396;-31890.664326031725;-30693.907224405677;-30696.45532327358;58986.432431510984;-45541.187589310124;-38679.671428164416;
25160.956401938965;53607.328666130146;-44281.04094040882;-32658.93848644954;1396.0899586784792;-20498.851895195472;-44421.812226988346;-45682.76353869004;-39787.75915953626;120926.06674743495;-31779.1514729442;-30742.723434296066;-30724.79733524291;58991.79685018025;-45581.55483979641;-38744.737356273814;
25142.382102296604;53581.89238094001;-44273.57545776075;-32649.975436922963;1308.6499343693179;-20493.174552103825;-44428.3389363693;-45663.89866636976;-39755.34913007607;120927.63136954683;-31895.715820278627;-30726.585474799333;-30691.850863915788;58987.5723704782;-45549.74830743651;-38710.3380215571;
25119.896247374567;53544.54261595519;-44281.53267878684;-32660.95014345052;1406.0364849610908;-20520.77895650613;-44440.74415454199;-45674.20282056365;-39799.180900952924;120942.62939007634;-31802.77726683346;-30776.429864934667;-30736.822573759866;58989.40521352354;-45600.37500862778;-38772.654685098496;
25125.417128255027;53546.576624700625;-44255.26937905185;-32640.922980418563;1287.0805009699466;-20500.93060742982;-44421.678116521616;-45671.67707344021;-39756.35495857656;120944.93161975523;-31888.31739286392;-30733.045128946917;-30671.086093316808;58985.158382077025;-45549.70360394759;-38696.54699522817;
25122.667863687024;53545.54844445568;-44248.69796618199;-32649.573105522766;1404.6059733159511;-20521.62832279543;-44420.627584532216;-45675.45451825315;-39799.71734281985;120950.85483203588;-31815.003671050512;-30760.247201949027;-30708.212340857073;58988.33232978968;-45586.78514799895;-38744.44678359589;
25161.02345717233;53587.23444786483;-44217.807855344756;-32620.26996854186;1278.0280444655473;-20490.134714857904;-44384.35070328125;-45664.94919835916;-39765.89915345897;120955.81691930497;-31880.78485498248;-30734.386233614237;-30677.970430609043;58983.66081519852;-45551.53644699293;-38732.801524734685;
25131.094471346674;53574.27043608075;-44245.30050102479;-32650.154250878604;1420.5874706014956;-20528.02092170965;-44400.84629068927;-45663.69750066966;-39794.73290380632;120955.54869837151;-31824.39140372174;-30744.51157385249;-30695.74006745101;58980.75508841933;-45562.53350526494;-38745.49731558529;
25156.195480369985;53598.32091311466;-44208.66599186254;-32622.88512264313;1295.5071086295973;-20493.53218001511;-44355.78517386737;-45656.36612848832;-39776.06919718614;120950.13957621332;-31860.57887799488;-30728.932407967142;-30677.188119553106;58976.66471918401;-45527.77654263694;-38737.22717013683;
25129.64160795708;53578.40550880498;-44228.7378583834;-32647.092061888226;1457.7137181417606;-20515.526296559132;-44371.16317405262;-45661.23880877958;-39779.15373792097;120951.25716343608;-31826.648929911727;-30710.626329258244;-30683.960698123065;58976.19533255045;-45512.733818618515;-38725.06782115315;
25143.007951141353;53581.17712511744;-44204.9332505385;-32633.546904748313;1320.2057862527117;-20512.01707267965;-44359.49556344695;-45667.34083501588;-39784.11582519005;120946.56329710047;-31841.69165393015;-30717.622425272755;-30683.60307021178;58973.647233682546;-45507.01177203796;-38745.54201907421;
25104.58530242268;53554.71265968236;-44247.35686151467;-32661.955971951007;1473.7846224051266;-20533.78767177912;-44402.32150582332;-45660.03181457899;-39801.5948893541;120944.01519823256;-31851.794642423945;-30724.842038731822;-30702.26677683196;58972.88727437107;-45513.940812819106;-38759.847135525604;
25148.707645977458;53599.639666037525;-44200.61936385863;-32624.539151732824;1351.4088215123204;-20516.330959359522;-44356.500429689935;-45678.628465965805;-39793.034171227715;120942.62939007634;-31830.20285728012;-30722.495105564012;-30694.35425929478;58974.76482090531;-45503.8378243253;-38762.10466171559;
25119.002177596354;53662.58217842367;-44239.980785844426;-32648.902553189106;1491.576610991551;-20531.664256055865;-44380.37209276821;-45661.35056750185;-39794.59879333959;120929.95595097018;-31869.45252054364;-30714.98491942703;-30706.379497811737;58971.14383830355;-45505.00011503698;-38748.604208064586;
25166.54433805279;53732.29726937977;-44207.34723893968;-32616.716041173466;1385.1823073842893;-20489.57592124652;-44338.99901378143;-45686.89861141427;-39784.56286007915;120924.56918055644;-31806.73352560205;-30708.68172749063;-30702.400887298692;58971.94850110394;-45502.04968476888;-38742.166905661456;
25142.851488930166;53722.55190879726;-44240.114896311155;-32641.25825658539;1497.7903959501264;-20518.96846520525;-44377.28755203338;-45657.774288389;-39776.51623207524;120913.25919786206;-31872.380599067284;-30698.26581457446;-30702.579701254333;58968.97571909139;-45496.70761784406;-38726.61009152056;
25171.618184044146;53735.06888569223;-44223.395791458584;-32629.523590746358;1397.475766834708;-20510.117174400948;-44349.6160923977;-45667.54200071598;-39793.41415088346;120912.11925889485;-31801.749086588516;-30721.26575961897;-30726.56312305488;58976.150629061536;-45515.77365586444;-38749.96766447636;
25158.207137370962;53742.042629962285;-44259.18093433153;-32638.37488155066;1488.4026632788973;-20506.406784821367;-44395.59363074227;-45668.570180960916;-39776.02449369723;120897.21064534315;-31888.809131241935;-30706.759477467476;-30718.516495050968;58971.50146621484;-45502.38496093571;-38727.90649269897;
25191.801809287288;53754.96193825745;-44241.590111445206;-32630.5517709913;1432.1656742293446;-20509.759546489662;-44385.06595910382;-45679.34372178838;-39805.30527893368;120894.9307674087;-31777.430388621142;-30737.94016098263;-30747.774928542964;58976.88823662856;-45531.50928396098;-38748.805373764684;
25175.820312001742;53758.202941203475;-44280.61625726417;-32640.677111229554;1497.9692099057688;-20502.29406384159;-44425.07558167882;-45666.044433837465;-39792.18480493841;120881.20679631316;-31878.482625303583;-30728.753594011498;-30733.73803302503;58971.85909412612;-45515.55013841989;-38729.53817004421;
25212.678338608544;53763.3885459171;-44256.92340814155;-32626.103773844694;1490.0566923685901;-20493.71099397075;-44411.530424538905;-45682.51766950103;-39819.23041572934;120880.02215385702;-31745.355635327775;-30753.631085590256;-30770.931335798665;58976.016518594806;-45546.93198763514;-38770.08423448613;
25197.79207680131;53761.756868571865;-44312.66865881308;-32641.03473914084;1514.1742246358663;-20508.53020054462;-44451.69650932509;-45666.08913732638;-39797.21394744086;120867.4828252176;-31852.10756684632;-30733.782736513942;-30741.717605795577;58969.4674574694;-45515.41602795316;-38726.11835314254;
25234.404234219102;53759.655804593065;-44295.122539415665;-32637.056128627795;1541.443352871341;-20507.792592977596;-44431.311718381854;-45691.61482949434;-39841.31393925118;120870.61206944134;-31722.445097261087;-30773.367675944293;-30773.300620710925;58975.61418719461;-45560.432441286146;-38758.05899596918;
25253.38086526166;53776.285502467814;-44318.8600920272;-32633.323387303757;1525.4618555857965;-20490.760563702654;-44456.412727405164;-45667.05026233796;-39801.34902016509;120858.0727408019;-31822.804429865413;-30750.770062299976;-30717.26479736147;58967.63461442407;-45532.33629850582;-38712.37203030253;
25404.724526968545;53779.03476703582;-44302.58802206374;-32635.55856174929;1582.1905830133658;-20497.37668006142;-44429.97061371453;-45691.011332394046;-39837.82706711615;120858.96681058012;-31692.98549806899;-30798.446333223146;-30768.070312508386;58973.2672540268;-45593.04363644643;-38785.12695850455;
25437.447480851115;53777.067813523754;-44303.638554053134;-32634.977416393453;1524.9701172077796;-20479.204711819257;-44456.03274774942;-45671.83353565139;-39797.45981662987;120846.78510985197;-31805.325365701363;-30783.269498737995;-30735.436765603637;58968.55103594674;-45579.297313606425;-38713.51196926975;
25483.290908728948;53800.2465725239;-44333.232263711965;-32644.186335109036;1618.7803886867034;-20498.091935883993;-44443.64988132118;-45670.51478272853;-39840.30811075069;120849.31085697543;-31693.566643424827;-30839.99822616556;-30773.881766066763;58974.94363486095;-45653.61686392032;-38777.192089222925;
25578.73285755311;53844.21245386749;-44335.82506606878;-32629.94827389101;1549.221759941788;-20489.508866013155;-44444.9909859885;-45668.59253270537;-39815.9447092944;120841.71126386062;-31782.414827634675;-30808.124638572295;-30737.627236560256;58970.18271329197;-45636.42837243419;-38716.305937326666;
25729.42831867079;53863.613768054696;-44340.92126380459;-32635.625616982656;1686.7743953197476;-20478.15417982986;-44446.332090655815;-45679.388425277284;-39854.41206150199;120844.30406621743;-31673.51712864842;-30821.96036839013;-30760.51542288249;58974.407192994026;-45660.00946283453;-38762.12701346004;
25936.18195488238;53881.74103280796;-44348.118525519196;-32625.45557325549;1589.3878447279747;-20475.226101306213;-44467.02980602143;-45663.809259391935;-39815.81059882767;120839.78901383746;-31741.13115562572;-30809.130467072784;-30738.09662319382;58968.260463268816;-45641.63632889227;-38730.78986773371;
26020.58214194562;53852.23673012695;-44338.462571914504;-32635.357396049192;1753.91903566349;-20483.898578154873;-44438.374869629726;-45663.65279718075;-39867.5101837528;120848.68500813068;-31665.626962855695;-30865.09923518887;-30784.431789449667;58971.590873192654;-45722.124960675836;-38782.02006602527;
26073.153444904503;53891.4193381571;-44303.303277886305;-32603.483808455923;1649.3128716126528;-20461.457426721743;-44365.21761002751;-45662.13287855779;-39804.63472660002;120852.93183957718;-31700.98742258399;-30805.934167615673;-30726.22784688805;58969.95919584742;-45686.94331490318;-38708.952213400866;
26072.281726870744;53960.0391936349;-44344.341080706254;-32630.909398902586;1804.8139577882241;-20484.613833977444;-44401.539194767385;-45669.24073329458;-39837.24592176032;120856.75398787904;-31656.350988906743;-30824.217894580117;-30764.762254328998;58967.92518710199;-45728.338745634406;-38758.77425179175;
26108.268035443787;54065.07004083038;-44347.984415052466;-32618.63829119662;1657.7841827612142;-20468.2300052917;-44397.69469472107;-45674.13576533029;-39826.69589837741;120862.0289995705;-31703.222597029522;-30814.76310667552;-30752.33468441185;58966.11469580111;-45717.96753620715;-38773.01231300978;
26096.153389949013;54121.84347174686;-44385.33418003729;-32640.8559251852;1812.88293753659;-20487.921892156828;-44412.49154955048;-45654.55563718744;-39841.35864274009;120870.90264211925;-31696.472370204017;-30808.43756299467;-30767.26564970799;58965.71236440091;-45727.4446758562;-38768.4972606298;
26134.93366657897;54182.6402166653;-44369.59855194075;-32623.510971487878;1674.3691771470521;-20470.889862881882;-44378.248677044954;-45656.969625588616;-39827.76878211126;120883.53137773651;-31692.51611143543;-30788.09747554034;-30759.80016705992;58963.566596933204;-45716.22410013963;-38766.88793502902;
26118.102803004123;54204.79079542051;-44419.97938394301;-32659.676094016566;1815.3416294266738;-20493.57688350402;-44417.23011937501;-45657.64017792227;-39853.450936490415;120900.27283433353;-31709.056402332357;-30796.47937971108;-30789.86326335231;58960.6161666651;-45739.58167309543;-38795.2075952539;
26190.030716661302;54248.24258664162;-44387.09996784925;-32633.301035559303;1684.9639040188677;-20480.702278697765;-44366.648121672646;-45662.87048612481;-39850.142878311024;120920.79173574349;-31674.433550171085;-30783.247146993537;-30777.8156730909;58960.95144283193;-45729.1434084348;-38780.99188578032;
26185.09098113668;54229.48947304362;-44419.59940428727;-32659.56433529429;1806.7138560669252;-20498.158991117358;-44399.438130788585;-45655.11443079882;-39854.12148882407;120932.25818064908;-31724.434402517607;-30766.528042140966;-30784.431789449667;58956.27992824077;-45727.01999271155;-38788.166795750476;
26246.848851066694;54272.158953208804;-44371.341988008266;-32624.807372666288;1696.564459391172;-20466.128941312905;-44351.44893544304;-45678.56141073244;-39855.03791034674;120945.33395115542;-31667.951544279047;-30764.51638513999;-30773.635896877757;58958.9174340865;-45721.409704853264;-38793.9558975644;
26232.32021717074;54272.583636353454;-44408.82586345981;-32647.762614221887;1796.5661640842159;-20478.847083907975;-44374.53828746537;-45650.55467492994;-39833.55788392519;120947.16679420076;-31739.790050958403;-30733.670977791666;-30758.593172859335;58954.402381706524;-45699.90732668726;-38766.26208618427;
26295.307433045797;54306.11125303641;-44374.270066531906;-32625.500276744402;1711.4954246873172;-20466.017182590625;-44335.10981024621;-45670.805355406446;-39848.42179398797;120961.56131762998;-31652.104157460235;-30747.37259714277;-30774.23939397805;58959.85620735362;-45717.94518446269;-38780.81307182468;
26291.082953343746;54319.1199683094;-44414.43615131809;-32641.481774029944;1788.787757013769;-20474.75671467265;-44367.139860050665;-45646.59841616135;-39836.77653512675;120964.86937580937;-31746.450870806086;-30734.945027225618;-30761.029513004964;58956.503445685325;-45705.45055931217;-38787.54094690573;
26326.331654349764;54340.75645694214;-44388.61988647222;-32629.009500623884;1750.722736206381;-20473.10268558296;-44340.094249259746;-45656.388480232774;-39852.48981147883;120975.41939919227;-31623.15864839061;-30732.039300446428;-30780.721399870086;58958.78332361977;-45705.71878024564;-38775.850984555604;
26296.603834224206;54323.23268928918;-44420.538177554394;-32651.115375890182;1805.171585699509;-20490.58174974701;-44382.31669453582;-45639.4235061912;-39844.621997430564;120977.43105619325;-31724.814382173347;-30711.498047292003;-30748.624294832265;58953.30714622822;-45684.775195691014;-38755.510897101274;
26328.767994495392;54331.21226205972;-44396.10772086474;-32637.190239094525;1814.335800926185;-20486.424325278324;-44353.90762733312;-45646.50900918353;-39877.56846875769;120995.42421047977;-31589.63103170765;-30740.689425550634;-30769.098492753328;58959.69974514243;-45715.553547805976;-38809.24449077183;
26321.861305458704;54319.209375287224;-44410.59165127178;-32629.568294235265;1842.4319437065058;-20477.349517029466;-44367.765708895415;-45638.39532594625;-39829.69103213442;120997.8605506254;-31687.88930033318;-30685.011230112465;-30741.874068006764;58951.80957934971;-45661.55173320195;-38739.90937947147;
26345.755320281427;54305.77597686958;-44384.887145148175;-32627.109602345183;1891.8963541861003;-20489.44181077979;-44359.987301824964;-45648.498314440054;-39862.21282031689;121015.83135316746;-31541.86535380666;-30713.129724637238;-30770.596059631833;58957.03988755225;-45690.60900099385;-38776.67799910045;
26334.132413164665;54296.075319775984;-44393.09023536328;-32625.097945344205;1882.0615866257654;-20474.287328039092;-44361.99895882594;-45637.1212765123;-39828.484037933835;121020.92755090327;-31640.59300906575;-30693.862520916766;-30732.57574231336;58952.43542819446;-45665.776212904006;-38758.50603085828;
26360.462768133017;54305.865383847406;-44371.38669149717;-32620.918169131062;1969.479259190471;-20480.456409508755;-44338.95431029252;-45653.16982903121;-39852.3557010121;121033.7127487317;-31497.653603274062;-30715.9013409497;-30765.321047940382;58955.9670038184;-45697.716855730636;-38766.50795537329;
26371.012791515925;54322.31626776651;-44377.3769590112;-32609.071744569752;1923.0770377012539;-20464.631374434397;-44351.605397654224;-45634.237901477565;-39803.58419461062;121034.2715423431;-31595.68835445504;-30682.79840741139;-30725.35612885429;58950.53552991576;-45660.590608190374;-38729.73933574431;
26371.03514326038;54346.29968956706;-44362.40129022614;-32621.007576108885;2037.1826931455962;-20478.377697274413;-44349.12435401969;-45645.79375336096;-39847.95240735441;121043.50281280314;-31484.935460678993;-30728.41831784467;-30752.13351871175;58953.28479448376;-45715.21827163915;-38791.69837137441;
26388.245986490965;54399.116861714945;-44349.83960984226;-32603.97554683394;1961.0526515308204;-20459.95985984324;-44310.74640878993;-45628.73937234156;-39797.526871863236;121041.17823137979;-31571.481415209942;-30684.45243650108;-30711.766268225467;58947.29452696974;-45672.57114321842;-38728.84526596609;
26361.714465822515;54406.180012962825;-44363.65298791564;-32627.355471534192;2090.290437971406;-20495.96852016074;-44341.70357486053;-45638.35062245734;-39837.93882583843;121045.15684189282;-31484.66723974553;-30722.740974753022;-30752.737015812043;58947.67450662548;-45721.67792578673;-38778.42143516796;
26380.13230325369;54449.49769371721;-44345.99510979594;-32604.377878234136;1995.228468802985;-20478.556511230054;-44323.30808917381;-45629.29816595295;-39802.2430899433;121044.30747560352;-31553.86824057916;-30697.572910496347;-30707.474733290048;58944.12057925708;-45694.09587312888;-38744.55854231818;
26368.755265325937;54451.33053676254;-44353.52764767738;-32616.716041173466;2170.421441843682;-20486.71489795624;-44343.156438250124;-45627.51002639652;-39812.770761581756;121049.58248729497;-31479.839262943184;-30703.652584988187;-30736.21907665957;58946.35575370261;-45714.74888500558;-38763.71398731637;
26394.727992383003;54507.54517406764;-44318.8600920272;-32590.340982716203;2080.2992081998837;-20463.156159300346;-44326.727906075466;-45618.41286640321;-39757.7854702217;121049.78365299507;-31505.029678944313;-30670.281430516417;-30697.572910496347;58943.89706181253;-45676.259181053545;-38732.26508286775;
26360.708637322026;54512.619020059;-44354.39936571114;-32619.800581908297;2258.35320453086;-20499.63420625141;-44374.605342698735;-45613.13785471176;-39788.04973221418;121054.36576060842;-31463.053102857248;-30700.50098901999;-30735.883800492742;58946.33340195816;-45719.040419941004;-38760.94237100391;
26379.68526836458;54546.16898848641;-44329.92420553258;-32594.92309032954;2147.7567729660004;-20489.911197413352;-44343.62582488368;-45616.892947780245;-39765.67563601442;121055.59510655346;-31475.19010009648;-30697.34939305179;-30706.31244257837;58945.528739157766;-45706.63520176831;-38744.33502487362;
26353.98076224098;54625.540033047204;-44352.47711568798;-32618.03479409633;2318.948783749197;-20530.367854877455;-44354.30995873332;-45610.50034886603;-39777.43265359791;121053.89637397486;-31471.636172728086;-30706.290090833914;-30730.27351263446;58942.55595714521;-45733.9937369816;-38765.61388559507;
26410.37421350172;54766.40072660455;-44282.35969333169;-32564.904697526064;2226.926651826698;-20480.031726364105;-44308.46653085548;-45615.50713962402;-39737.51243800073;121057.18208040978;-31447.429233482988;-30679.870328887744;-30706.46890478956;58942.82417807868;-45705.204690123166;-38732.71211775686;
26363.144977467655;54757.90706371154;-44354.44406920005;-32613.050355082796;2389.3567787834145;-20529.317322888055;-44377.84634564476;-45604.35361914082;-39746.36372880504;121056.06449318702;-31461.197908067457;-30682.17255856664;-30714.180256626638;58938.554994887716;-45709.80914948096;-38740.4458213384;
26403.914559354136;54787.970160003926;-44329.36541192119;-32578.427502921524;2304.6883707867114;-20497.01905215014;-44349.727851119984;-45609.561575598906;-39755.59499926508;121060.75835952263;-31406.614948107595;-30689.50393074798;-30720.63991077422;58938.42088442098;-45708.356286091366;-38749.90060924299;
26381.60751838774;54771.0275377068;-44383.74720618096;-32594.744276373898;2466.9396837877853;-20511.480630812723;-44380.79677591286;-45595.94936322563;-39744.44147878188;121058.83610949948;-31441.193096779956;-30668.82856712682;-30692.65552671618;58933.70466634091;-45681.37773053381;-38733.33796660161;
26396.717297639527;54716.6680951915;-44377.35460726674;-32590.45274143848;2403.6171917459;-20510.988892434703;-44363.273008259894;-45612.154377955725;-39762.18876387939;121066.01101946963;-31345.05824387768;-30685.30180279038;-30713.66616650417;58936.90096579802;-45690.56429750494;-38740.93755971641;
26353.936058752068;54664.2532544438;-44430.59646255928;-32626.729622689443;2537.034754399628;-20539.17444219285;-44427.31075612435;-45591.188441656646;-39775.80097625268;121063.52997583509;-31415.890922056547;-30703.56317801037;-30717.26479736147;58932.47532039587;-45702.81305346645;-38769.503089130296;
26387.79895160186;54665.66141434448;-44402.83559594579;-32604.579043934235;2516.7617221786645;-20530.166689177357;-44418.235947875495;-45598.40805511571;-39791.11192120456;121071.3754381389;-31302.455818945866;-30726.764288754977;-30732.106355679796;58936.27511695327;-45720.38152460832;-38785.28342071574;
26353.17609944059;54626.29999235869;-44448.76843080144;-32631.512896002878;2629.4145142334123;-20537.945096247804;-44416.11253215224;-45584.12529040877;-39775.93508671941;121067.19566192575;-31387.4595031094;-30715.83428571633;-30722.87508521975;58930.642477350535;-45703.84123371139;-38760.80826053718;
26372.93504153908;54600.68489321291;-44414.883186207204;-32622.326329031748;2645.418363263412;-20549.925631275848;-44373.35364500924;-45597.37987487076;-39798.26447943026;121075.8234352855;-31259.4287108694;-30738.923637738662;-30748.98192274355;58935.112826241595;-45736.921815505244;-38778.84611831261;
26337.038139943856;54569.57126493112;-44425.76848575693;-32638.196067595014;2708.2491169272803;-20562.576718637552;-44407.23888960348;-45574.13406063725;-39769.36367384955;121070.61547882743;-31368.952258700403;-30725.534942809936;-30723.389175342225;58928.250840693814;-45720.67209728624;-38763.51282161627;
26364.12845422369;54572.566398688126;-44387.30113354935;-32624.494448243913;2739.519207420255;-20559.11219824698;-44389.40219752815;-45581.64424677423;-39800.20908119787;121079.04208648707;-31247.403472352446;-30759.21902170408;-30756.156832713707;58933.4587971519;-45757.06073725948;-38801.28726974574;
26343.98953246946;54565.011509062235;-44397.40412204315;-32626.84138141172;2743.4978179332993;-20556.944079034816;-44406.210709358544;-45571.89888619172;-39763.887496457995;121073.9235370068;-31359.653933006997;-30724.909093965187;-30717.68948050612;58926.66386683749;-45709.607983780865;-38752.4487081109;
26332.768956752894;54527.5723370996;-44411.55277628336;-32659.94431495003;2776.0196061157712;-20598.294806277136;-44430.0376689479;-45582.80653748591;-39819.78920934072;121080.0255632431;-31232.941893689862;-30748.04314947643;-30760.828347304865;58928.966096516386;-45746.801286554495;-38796.10166503211;
26336.568753310294;54526.7229708103;-44431.64699454868;-32658.31263760479;2741.553216165688;-20602.184009812358;-44464.68287285363;-45563.718147721076;-39809.060372002175;121073.49885386215;-31337.771575185252;-30722.360995097282;-30737.26960864897;58920.628895834554;-45708.24452736909;-38761.881144271036;
26327.15866889461;54493.6647407609;-44444.92393075513;-32672.215422655994;2832.994202732349;-20603.994501113237;-44409.1834913711;-45575.54222053793;-39851.81925914517;121080.91963302132;-31212.870027168996;-30765.65632410721;-30783.671830138188;58924.6075063476;-45749.25997844458;-38814.54185420774;
26331.53961080785;54491.608380271005;-44438.866608007746;-32659.966666694483;2775.773736926763;-20606.654358703418;-44463.00649201948;-45558.37608079625;-39812.748409837295;121075.10817946294;-31313.542284195697;-30723.769154997965;-30755.37452165777;58916.40441613251;-45716.246451884086;-38755.6003040791;
26342.089634190757;54487.92034243588;-44441.25824466447;-32664.74994000792;2907.604325724164;-20593.35507075251;-44430.50705558146;-45563.02524364296;-39851.12635506706;121081.4337231438;-31198.609614206507;-30770.081969509363;-30786.711667384112;58918.66194232249;-45747.985929010625;-38793.71002837539;
26369.962259526525;54499.18562164136;-44419.66645952064;-32642.12997461915;2828.3450398856453;-20582.246253758225;-44432.07167769333;-45556.565589495374;-39812.904872048486;121078.77386555361;-31268.458815629343;-30746.478527364558;-30749.272495421472;58912.8057852752;-45711.99962043758;-38767.78200480724;
26362.0720937338;54474.68810971834;-44423.488607822495;-32655.675131759064;2983.7120155944845;-20597.534846965653;-44447.740250556504;-45551.335281292835;-39846.87952362055;121082.10427547745;-31171.519299926676;-30780.207309747617;-30766.528042140966;58912.09052945263;-45740.363984151365;-38805.93643259245;
26402.528751197908;54506.1146624225;-44368.883296118176;-32616.090192328717;2901.0776163432142;-20553.5019103887;-44383.03195035839;-45544.36153702278;-39806.15464522298;121079.1314934649;-31212.110067857513;-30751.530021611456;-30724.663224776177;58906.07791019415;-45693.62648649532;-38773.88403104353;
26393.476294693508;54491.09429014853;-44359.786136124865;-32622.30397728729;3073.0295864378913;-20566.86825357297;-44388.93281089459;-45552.72108944906;-39806.109941734074;121082.03722024408;-31135.86826752046;-30781.593117903845;-30726.004329443494;58905.89909623851;-45713.944222205195;-38798.20272901091;
26419.76194617295;54523.75018879774;-44305.09141744273;-32595.97362231894;2960.3320908942333;-20519.750776261186;-44358.84736285775;-45545.322662034356;-39755.10326088706;121079.62323184291;-31161.72923585525;-30772.786530588455;-30702.69145997661;58899.864125235574;-45710.05501866997;-38748.20187666439;
26405.948568099568;54569.41480271993;-44274.42482405005;-32603.908491600574;3131.14412202169;-20537.67687531434;-44358.84736285775;-45541.0981823323;-39760.84765921207;121079.89145277637;-31136.87409602095;-30788.209234262617;-30707.586492012324;58898.09833742361;-45742.44269638571;-38773.63816185453;
26419.314911283844;54577.84141037958;-44237.387983487606;-32578.06987501024;2997.1007105232134;-20527.618590309452;-44324.22451069648;-45535.35378400729;-39711.38324873248;121076.8739672749;-31134.16953494186;-30744.04218721893;-30666.012247325452;58892.84567747661;-45698.968553420134;-38713.355507058564;
26380.065248020324;54519.570412584595;-44276.19061186202;-32609.719945158955;3129.8253690988267;-20563.247270971213;-44378.65100844515;-45532.649222928194;-39748.59890325057;121076.06930447451;-31162.13156725545;-30774.90994631171;-30701.730334965032;58890.34228209762;-45736.34067014941;-38757.880182013534;
26433.441213779595;54558.104820025546;-44231.442419462495;-32562.758930058353;3016.3008590103223;-20519.01316869416;-44314.8591297697;-45534.973804351546;-39732.9303303874;121076.91867076381;-31135.980026242738;-30758.749635070522;-30690.308593548372;58887.637721018524;-45710.300887858975;-38730.767515989246;
26390.36940221422;54502.717197265294;-44307.997144221925;-32602.276814255336;3144.8457413727933;-20551.02086675416;-44386.18354632659;-45522.50153094549;-39740.50757175774;121073.56590909553;-31167.183061502346;-30748.08785296534;-30690.867387159753;58881.71450873787;-45699.0356086535;-38703.364277287044;
26420.097222339777;54488.30032209162;-44301.17986216305;-32586.5411861588;3036.4844842534644;-20544.561212606575;-44362.870676859704;-45527.910653103674;-39764.78156623621;121076.91867076381;-31116.601063799986;-30772.764178843998;-30729.55825681189;58880.46281104837;-45724.226024654636;-38727.66062350996;
26391.84461734827;54456.47143798727;-44360.903723347634;-32615.196122550504;3148.1314478077234;-20560.87798605895;-44418.07948566431;-45515.326620975335;-39773.25287738477;121071.1295689499;-31185.623250677974;-30786.80107436193;-30738.14132668273;58872.349127811096;-45741.50392311859;-38746.704309785884;
26425.349882286773;54443.797998881106;-44353.639406399656;-32601.382744477123;3061.1608101321235;-20555.379456922943;-44412.290383850384;-45524.893167602204;-39790.12844444853;121077.05278123055;-31108.196807884793;-30824.24024632457;-30757.006199003008;58873.57847375613;-45780.01597881508;-38760.85296402609;
26399.42185871862;54415.63480086742;-44433.770410271936;-32630.618826224665;3162.302453792388;-20567.91878556237;-44425.299099123375;-45505.76007434846;-39800.92433702044;121085.8817202904;-31198.11787582849;-30843.19452562267;-30759.263725192992;58864.61542422956;-45815.17527284328;-38772.0511879982;
26456.910545457667;54420.239260225215;-44405.026066902414;-32616.805448151288;3124.840930085293;-20555.714733089775;-44395.68303772009;-45522.3450687343;-39820.660927374476;121134.25089529168;-31078.424284270324;-30845.72027274612;-30774.10528351132;58865.487142263315;-45832.095543395946;-38773.5040513878;
26453.826004722836;54405.59886760698;-44435.849122506275;-32634.820954182265;3180.9885121570246;-20569.617518140974;-44437.950186485075;-45495.81354806585;-39812.27902320374;121174.05935216659;-31181.063494809092;-30836.444298797167;-30759.263725192992;58857.731086937325;-45817.41044728881;-38754.92975174543;
26490.639327840727;54415.32187644504;-44421.253433376965;-32628.74127969042;3157.8991601346925;-20574.02081179867;-44425.008526445454;-45503.54725164739;-39852.44510798992;121223.50141090172;-31072.52342373412;-30880.700752818677;-30786.532853428467;58861.26266256126;-45854.64845355135;-38794.313525475685;
26481.072781213854;54403.63191409492;-44437.16787542914;-32631.6023029807;3167.465706761564;-20565.527148905654;-44445.10274471078;-45489.733873574005;-39817.97871803984;121253.87743161648;-31191.92644261437;-30865.52391833352;-30747.216134931583;58851.7408194233;-45827.37932531587;-38763.37871114954;
26512.745203107024;54410.96328627626;-44423.957994456054;-32624.136820332627;3169.72323295155;-20568.187006495835;-44434.57507307232;-45501.44618766859;-39848.64531143252;121294.42349605841;-31078.513691248143;-30906.919349064752;-30781.28019348147;58853.73012467982;-45866.60663683494;-38813.603080940615;
26543.97059011109;54419.032266024624;-44416.87249146372;-32612.290395771313;3138.4754942030304;-20544.53886086212;-44423.04157293339;-45480.74847230297;-39800.47730213133;121317.95988296985;-31196.553253716622;-30865.881546244807;-30738.230733660548;58844.431798986414;-45818.39392404484;-38750.30294064319;
26578.59344227236;54393.48422211221;-44414.34674434027;-32624.628558710643;3167.9574451395806;-20568.36582045148;-44423.779180500416;-45487.05166423937;-39829.534569923235;121356.51664215526;-31084.503958762165;-30893.396543669292;-30765.008123518008;58850.2879560337;-45839.58337778847;-38774.50987988828;
26608.097744953364;54405.30829492907;-44409.27289834892;-32611.50808471538;3098.130595461201;-20555.312401689578;-44432.65282304917;-45478.267428668434;-39798.62210734154;121375.31445924217;-31207.215035821802;-30875.291630660493;-30737.180201671148;58840.76611289575;-45801.42895000326;-38743.1950859064;
26626.94026552919;54383.94002722979;-44418.21359613104;-32627.02019536736;3161.944825881103;-20579.87696884596;-44452.43411689212;-45476.41223387864;-39834.83193335914;121403.20943632239;-31107.50390380668;-30910.96501481116;-30771.579536387868;58841.07903731812;-45831.4696945512;-38784.76933059327;
26672.157844562276;54407.67757984133;-44407.39535181467;-32605.294299756803;3070.459135825531;-20561.816759326073;-44444.67806156613;-45467.650350052165;-39800.83493004262;121419.0568231412;-31215.46282952581;-30879.270241173537;-30735.7049865371;58831.579545924615;-45786.34152249593;-38739.10471667108;
26697.90705417479;54390.33262614401;-44409.87639544921;-32615.844323139707;3178.194544100111;-20569.818683841073;-44433.36807887174;-45470.48902159799;-39824.416020442965;121445.94597172094;-31125.251188904193;-30886.981593010616;-30766.505690396512;58832.473615702824;-45799.12672032437;-38756.38261513503;
26723.320987620475;54397.507536114164;-44407.90944193715;-32610.770477148355;3060.4902577984644;-20563.2025674823;-44453.88698028171;-45461.771841260415;-39790.62018282654;121463.82736728518;-31210.724259701285;-30855.711502517643;-30729.02181494496;58827.39976971147;-45756.501943648094;-38720.642175750996;
26750.411301900305;54366.259797365645;-44432.94339572709;-32632.675186714554;3182.6648929911726;-20591.477524218266;-44480.306742227884;-45462.93413197209;-39839.3022822502;121486.31322220722;-31152.4532619063;-30904.706526363676;-30762.169451972182;58827.01979005573;-45804.37938027136;-38777.616772367575;
26857.252640396673;54402.9390100168;-44398.253488332455;-32596.666526397054;3056.489295540964;-20556.094712745515;-44445.81800053335;-45452.540570800375;-39797.14689220749;121502.04885030376;-31204.622233464986;-30871.67064805873;-30729.13357366724;58820.44837718587;-45763.855667573895;-38732.309786356665;
26894.960033292777;54371.04307067908;-44426.6849072796;-32622.281625542837;3181.301436579399;-20577.060649044593;-44466.35925368777;-45451.53474229989;-39814.67065986045;121521.3831092576;-31164.232631234245;-30879.694924318188;-30742.008178473498;58819.30843821865;-45776.52910668005;-38739.95408296038;
26976.588604043558;54391.226695922225;-44386.74233993797;-32583.30018321278;3028.4825597384647;-20546.192889951813;-44433.52454108293;-45448.2266841205;-39789.055560714674;121532.44722276297;-31206.74564918824;-30861.8358804984;-30722.115125908273;58812.02176952622;-45747.47183888815;-38721.42448680693;
26983.741162269256;54367.89147471088;-44408.75880822645;-32615.73256441743;3147.237378029511;-20572.545596664622;-44470.13669850072;-45443.15283812915;-39796.319877662645;121545.97002815844;-31205.113971843002;-30862.05939794295;-30724.70792826509;58807.529068890704;-45746.48836213212;-38728.66645201045;
27042.01216006424;54377.659187037854;-44357.126278534684;-32586.40707569207;2979.822812059261;-20560.36389593648;-44446.0415179779;-45443.599873018255;-39786.52981359122;121558.79992947579;-31213.13824810246;-30861.81352875394;-30701.21624484256;58802.4775746438;-45729.47868460163;-38720.59747226208;
27028.35524420205;54353.65341349285;-44384.10483409224;-32610.949291103996;3083.043167953869;-20581.26277700219;-44473.51181191347;-45434.99445140296;-39794.68820031741;121571.38396160412;-31243.38015835049;-30871.469482358636;-30709.68755599112;58797.40372865245;-45738.08410621692;-38736.780135247725;
27082.714686717354;54376.92157947083;-44333.232263711965;-32581.154415745073;2930.045477157292;-20548.40571265289;-44448.299044167885;-45441.498809039454;-39786.66392405795;121587.9466042455;-31217.27332082669;-30874.866947515842;-30706.46890478956;58794.83327804009;-45731.199768924685;-38724.0396409082;
27062.888689385498;54355.70977398274;-44359.18263902458;-32601.15922703257;3019.8100828898055;-20557.145244734915;-44458.290273939405;-45430.16647460061;-39773.25287738477;121598.94366251751;-31270.00108599676;-30857.92432521872;-30683.536014978414;58788.999472737254;-45713.49718731608;-38706.3370592996;
27113.448335343404;54345.919709911315;-44286.33830384473;-32575.20885171996;2882.123337045114;-20559.201605224804;-44398.32054356582;-45438.81659970482;-39779.198441409884;121615.37219469217;-31222.838905196062;-30866.73091253411;-30689.995669125998;58788.306568659136;-45723.019030454045;-38719.166960616945;
27090.09076238761;54319.008209587126;-44308.690048300035;-32591.480921683422;2946.4516575874877;-20568.678744873854;-44441.8393900203;-45426.3219745543;-39755.25972309825;121622.83767734024;-31304.042792802193;-30840.333502332393;-30669.45441597157;58782.428059867394;-45699.2367743536;-38699.8327016631;
27130.882696018543;54323.38915150036;-44289.601658535204;-32577.73459884341;2835.475246366888;-20563.694305860317;-44420.22525313202;-45428.87007342221;-39782.21592691135;121640.16027929311;-31235.75821349123;-30861.969990965128;-30684.586546967814;58784.08208895709;-45717.85577748487;-38727.03477466521;
27113.448335343404;54304.881907091374;-44341.92709230508;-32595.928918830028;2872.3779764626;-20573.64083214293;-44460.525448384935;-45420.26465180691;-39774.72809251882;121643.40128223912;-31339.604418230585;-30836.91368543073;-30679.91503237665;58775.00728070823;-45690.47489052712;-38704.548919743174;
27140.67276008997;54307.27354374809;-44347.984415052466;-32588.82106409324;2790.5258882672656;-20561.190910481324;-44458.46908789505;-45431.23935833447;-39804.97000276685;121657.08054984576;-31237.926332703395;-30854.30334261696;-30699.942195408606;58774.51554233021;-45702.58953602189;-38722.296204840684;
27127.395823883515;54238.89955745931;-44397.78410169889;-32607.12714280214;2792.8951731795282;-20564.677782616352;-44496.735274402534;-45415.97311687149;-39793.14592994999;121658.95809638001;-31352.166098614467;-30846.6813977577;-30690.576814481836;58766.223045137296;-45685.959838147144;-38715.34481231509;
27168.94771682593;54228.79656896551;-44356.3216157343;-32590.408037949568;2760.932178608439;-20560.341544192022;-44460.816021062856;-45435.68735548107;-39814.53654939372;121674.06787563181;-31239.110975159525;-30876.945659750185;-30712.146247881206;58770.24635913925;-45711.01614368155;-38745.296149885195;
27160.43170218846;54214.73732170312;-44352.54417092135;-32592.35263971718;2737.5075504192773;-20557.88285230194;-44478.38449220473;-45412.82152090329;-39770.41420583895;121672.21268084201;-31356.368226572067;-30859.064264185938;-30676.361105008258;58759.919853200896;-45684.39521603528;-38711.99205064679;
27177.91076635251;54210.82576642344;-44325.56561536379;-32587.278793725825;2737.418143441456;-20565.88477681694;-44460.77131757395;-45435.08385838078;-39791.73777004931;121687.23305311598;-31236.004082680236;-30896.92811929323;-30698.578738996835;58764.256091625226;-45727.60113806738;-38731.86275146756;
27174.155673284018;54204.79079542051;-44335.66860385759;-32589.156340260073;2675.2132386223366;-20553.054875499594;-44464.19113447561;-45412.642706947656;-39766.10031915907;121685.93665193758;-31359.00573241779;-30889.082656989416;-30674.885889874207;58755.516559543204;-45715.30767861696;-38713.86959718104;
27190.159522314018;54204.90255414278;-44335.22156896849;-32598.02998280883;2704.874003514529;-20565.84007332803;-44468.59442813331;-45436.89434968166;-39798.06331373016;121697.6266142877;-31256.2771149012;-30918.765773626063;-30715.36489908277;58758.8693212115;-45753.05977500198;-38745.07263244064;
27175.653240162523;54180.360338730854;-44349.526685419885;-32599.482846198425;2599.262010963203;-20567.69526811782;-44483.83831785182;-45413.60383195923;-39767.530830804215;121694.8773497197;-31366.314752854676;-30899.49856990559;-30673.455378229068;58750.44271355185;-45719.77802750803;-38718.94344317239;
27171.18289127146;54157.33804194189;-44367.25161877294;-32617.20777955148;2651.073354610605;-20592.192780040834;-44497.025847080455;-45432.80398044634;-39813.12838949304;121703.95215796855;-31266.625972584006;-30941.922180881764;-30706.670070489654;58752.20850136382;-45763.565094895974;-38766.03856873972;
27185.756228656322;54167.86571358034;-44349.25846448642;-32594.990145562908;2530.5974519965;-20560.140378491924;-44480.77612886145;-45415.32491628229;-39773.185822151405;121704.06391669082;-31355.608267260584;-30915.323604979945;-30668.426235726623;58746.084123383065;-45721.92379497574;-38715.881254182015;
27175.049743062227;54139.34488765537;-44370.78319439688;-32624.382689521637;2605.6099063885104;-20590.51639920669;-44510.14632107572;-45417.33657328327;-39797.3927613965;121710.50121909396;-31262.781472537696;-30943.799727416008;-30685.480616746023;58746.39704780544;-45746.15308596529;-38748.13482143102;
27205.179894587982;54153.53824538449;-44353.013557554914;-32599.460494453968;2459.429497650802;-20562.93434654884;-44484.10653878529;-45407.70297142303;-39771.62120003953;121710.00948071593;-31333.904723394484;-30931.707433665688;-30667.39805548168;58740.697352969335;-45725.254204899575;-38716.216530348844;
27186.24796703434;54131.0747422069;-44382.227287557995;-32627.802506423297;2556.659586031388;-20595.232617286758;-44519.131722346756;-45419.70585819553;-39797.90685151897;121716.91616975263;-31283.456836158854;-30957.546050256024;-30703.585529754822;58742.26197508121;-45756.14431573681;-38756.13674594602;
27213.606502247632;54120.725884524094;-44350.44310694255;-32599.68401189852;2401.203203344727;-20567.225881484257;-44488.62159116526;-45415.61548896021;-39776.762101264256;121721.78885004389;-31330.90958963747;-30943.26328554908;-30669.387360738205;58742.06080938111;-45733.25612941458;-38726.72185024284;
27193.132304326573;54085.09720386234;-44381.601438713245;-32618.481828985434;2520.78503618062;-20581.754515380206;-44507.307649529896;-45415.79430291585;-39795.09053171761;121725.23101869;-31298.924243321926;-30952.02516937556;-30682.306669033373;58740.78675994716;-45745.52723712054;-38744.402080106986;
27230.7279385004;54107.33718959537;-44343.42465918358;-32587.77053210384;2370.5813134409564;-20550.730294076242;-44488.286314998426;-45418.45416050603;-39774.504575074265;121725.94627451256;-31307.261444003758;-30940.22344830316;-30665.49815720298;58737.18812908985;-45721.633222297816;-38725.15722813096;
27196.820342161696;54065.89705537523;-44384.976552126;-32619.755878419386;2488.1514892758714;-20573.327907720555;-44530.017021896485;-45406.473625477985;-39789.21202292586;121725.8345157903;-31306.032098058713;-30948.806518174;-30682.619593455744;58734.394161032935;-45730.32805089093;-38735.70725151387;
27230.90675245604;54065.9641106086;-44340.78715333786;-32593.470226939946;2332.203368211194;-20562.17438723736;-44489.51566094347;-45421.426942518585;-39785.47928160182;121729.12022222522;-31294.744467108783;-30947.51011699559;-30677.322230019836;58734.125940099475;-45723.443713598695;-38724.91135894196;
27199.05551660723;54039.097313773316;-44379.25450554544;-32618.705346429986;2439.1564654298386;-20581.26277700219;-44528.698268973625;-45403.21027078752;-39794.26351717276;121728.91905652512;-31328.83087740313;-30954.103881609906;-30680.5408812214;58731.24256506474;-45727.087047944915;-38737.04835618119;
27248.475223597914;54058.588034938344;-44330.61710961069;-32579.098055255185;2312.2879639015155;-20549.322134175556;-44493.13664354523;-45406.42892198908;-39779.757235021265;121733.76938507192;-31269.24112668528;-30943.17387857126;-30673.276564273427;58731.68959995385;-45709.116245402845;-38718.65287049447;
27217.451002293947;54021.70765658709;-44368.92799960709;-32613.4973899719;2402.499604523135;-20574.02081179867;-44542.891626702745;-45399.29871550784;-39786.753331035776;121730.46132689255;-31324.852266890084;-30947.5548204845;-30676.27169803044;58726.14636732893;-45709.27270761403;-38732.019213678745;
27273.978564021418;54046.2051685101;-44307.840682010734;-32570.15735747306;2306.5882690654125;-20534.659389812874;-44483.03365505143;-45405.646610933145;-39775.64451404149;121736.83157406231;-31237.971036192306;-30931.17099179876;-30669.297953760382;58727.86745165199;-45688.61969573733;-38709.75687620126;
27244.38485436259;54011.6493715822;-44347.64913888564;-32589.78218910482;2378.8961623783307;-20547.6010498525;-44514.0578763554;-45391.60971541521;-39755.32677833161;121732.92001878262;-31300.84649334508;-30906.58407289792;-30634.67510159911;58720.60313470401;-45656.58964593287;-38691.71901842583;
27275.476130899922;54023.138168232224;-44324.35862116321;-32573.912450541553;2293.2889811145046;-20541.20845093828;-44495.215355779575;-45414.49790173744;-39781.25480189977;121738.6867688521;-31202.632928208463;-30937.36242501288;-30654.143471019685;58721.877184137964;-45676.9297333872;-38720.82098970663;
27243.848412495663;53978.85936246626;-44360.993130325456;-32591.950308316984;2328.0682954869626;-20549.992686509217;-44506.391228007225;-45392.436729960056;-39759.01481616674;121736.47394615102;-31306.23326375881;-30918.58695967042;-30632.797555064866;58716.311599768596;-45651.51579994152;-38701.17380633042;
27273.375066921126;53962.117905869236;-44329.655984599114;-32579.7909593333;2281.5766670199237;-20546.416407396366;-44491.013227821975;-45420.77874192938;-39776.471528586335;121743.62650437672;-31199.54838747363;-30937.89886687981;-30648.10850001675;58717.74211141373;-45672.9287711297;-38723.05616415217;
27260.031075481307;53948.975080129516;-44341.904740560625;-32582.473168667933;2291.6573037692674;-20535.531107846633;-44491.81789062237;-45394.60484917222;-39738.29474905667;121736.87627755122;-31307.797885870685;-30909.378040954834;-30616.100801956753;58709.22609677626;-45637.814180590416;-38686.68987592338;
27273.799750065777;53941.420190503624;-44338.2167027255;-32575.5888313757;2277.0392628954964;-20523.86349724096;-44475.43406193663;-45414.453198248535;-39748.643606739475;121746.62163813373;-31182.49400645423;-30929.807535386986;-30642.408805180647;58715.99867534622;-45660.14357330127;-38711.20973959086;
27260.120482459126;53920.18603327108;-44347.40326969663;-32571.453758651467;2244.5845299463904;-20532.06658745606;-44507.732332674546;-45387.34053222425;-39710.95856558783;121736.1833734731;-31296.510254920755;-30910.11564852186;-30616.59254033477;58704.33106474055;-45630.03577351997;-38682.91243111044;
27266.714247073443;53894.74974808094;-44350.68897613156;-32576.214680220448;2261.795373176977;-20563.627250626952;-44494.09776855681;-45410.541642968856;-39741.938083402885;121742.39715843168;-31176.2578697512;-30946.236067561636;-30639.05604351235;58707.348550242015;-45661.23880877958;-38711.47796052432;
27248.78814802029;53876.62248332769;-44355.65106340063;-32574.78416857531;2194.6954363221453;-20561.25796571469;-44503.15022506121;-45389.68746539205;-39710.80210337664;121735.1328414837;-31292.53164440771;-30930.27692202055;-30613.73151704449;58699.99482631622;-45636.31661371191;-38683.60533518855;
27239.355711860146;53867.01123321191;-44353.572351166295;-32583.411941935057;2251.848846894365;-20569.394000696422;-44503.887832628236;-45410.13931156866;-39750.20822885135;121741.72660609802;-31188.238404779248;-30972.6111260189;-30653.718787875034;58704.15225078491;-45678.04732060997;-38723.5926060191;
27252.07385445522;53875.773117038385;-44350.30899647582;-32562.937744013998;2165.928741208165;-20547.95867776378;-44489.113329543274;-45383.69719787803;-39700.43089394938;121737.99386477398;-31289.1341792505;-30935.060195333983;-30611.6751565546;58697.692596637324;-45632.24859622104;-38674.910506595435;
27250.889211999085;53845.79942772382;-44367.78806063987;-32586.071799525238;2246.1938555471725;-20572.344430964524;-44509.743989675524;-45396.92943059557;-39739.36763279053;121745.59345788878;-31201.492989241244;-30974.08634115295;-30662.4359682126;58699.57014317157;-45674.00165486356;-38715.85890243756;
27265.551956361767;53828.00743913739;-44348.49850517494;-32561.77545330232;2130.6576884576903;-20553.97129702226;-44490.14150978822;-45385.37357871218;-39702.73312362828;121745.50405091097;-31287.994240283282;-30952.561611242487;-30631.97054052002;58695.122146024965;-45640.049355035946;-38683.60533518855;
27242.037921194784;53792.35640673118;-44358.28856924636;-32590.49744492739;2243.4669427236254;-20579.675803145863;-44509.83339665335;-45394.090759049745;-39738.227693823304;121753.08129228132;-31208.690250955853;-30988.726733771175;-30658.50206118847;58696.932637325845;-45682.00357937856;-38728.68880375491;
27264.993162750383;53807.53324121633;-44350.04077554235;-32568.72684582792;2117.8501388847994;-20553.054875499594;-44497.36112324728;-45385.440633945545;-39703.135455028474;121751.7848911029;-31260.635705069984;-30967.000838160617;-30626.516714872923;58692.57404715706;-45650.3758609743;-38688.00862884625;
27243.088453184184;53781.73932811491;-44367.206915284034;-32588.77636060433;2257.6826521972007;-20575.808951355095;-44520.316364802886;-45385.53004092337;-39735.45607751085;121753.12599577023;-31214.12172485849;-30995.27579489658;-30656.959790821053;58692.171715756864;-45680.863640411335;-38710.24861457928;
27265.976639506418;53785.874400839144;-44337.03206026937;-32560.747273057375;2133.630470470246;-20545.321171918058;-44495.416521479674;-45390.00038981443;-39708.321059742106;121753.6847893816;-31234.148887890446;-30981.976506945673;-30643.16876449213;58688.751898855204;-45654.68974765417;-38685.885213122994;
27231.376139089603;53740.075676450215;-44370.917304863615;-32595.236014751914;2280.0343966525074;-20574.534901921143;-44524.67495497167;-45381.93141006606;-39734.025565865704;121755.22705974903;-31204.063439853602;-30999.27675715408;-30657.831508854808;58686.98611104323;-45676.70621594265;-38704.548919743174;
27259.44993012547;53744.61308057464;-44341.30124346033;-32566.089339982194;2153.6799852466565;-20551.44554989881;-44500.19979479311;-45377.259895474905;-39718.91578661392;121754.44474869309;-31203.526997986675;-30996.505140841622;-30641.939418547085;58683.34277669702;-45664.81508789243;-38688.612125946536;
27225.609389020134;53700.28957131977;-44382.20493581354;-32604.6460991676;2291.7467107470884;-20570.891567574927;-44544.210379625605;-45375.49410766293;-39730.85161815305;121753.14834751468;-31215.529884759177;-31010.720850315196;-30655.976314065018;58681.26406446267;-45679.969570633126;-38703.40898077595;
27270.223470952926;53690.61126597062;-44328.22547295398;-32566.58107836021;2175.830564001866;-20548.808044053083;-44485.93938183062;-45377.88574431965;-39728.43762975188;121754.62356264873;-31187.299631512124;-31018.767478319107;-30657.026846054418;58681.17465748485;-45682.80824217895;-38697.32930628411;
27243.133156673095;53636.38593392205;-44362.49069720396;-32585.06597102475;2308.734036533122;-20563.2025674823;-44522.7080014596;-45365.21230521349;-39711.65146966594;121747.91803931214;-31211.66303296841;-31003.009498478117;-30642.96759879203;58676.05610800459;-45670.246561795066;-38678.755006641746;
27280.81819782474;53623.80190179371;-44325.72207757498;-32555.53931659929;2206.9441922836536;-20543.108349216982;-44475.769338103455;-45369.10150874872;-39715.875949368;121747.9850945455;-31150.97804677225;-31016.6217108514;-30645.7839185934;58676.659605104884;-45678.02496886552;-38681.57132644312;
27234.907714713543;53554.24327304879;-44374.225363043;-32589.111636771162;2312.7126470461667;-20561.3026692036;-44522.52918750396;-45359.847886544216;-39706.75643763023;121736.60805661776;-31211.685384712862;-31007.681013069276;-30642.565267391834;58669.55175036809;-45673.15228857426;-38672.183593771886;
27269.195290707983;53513.786615584686;-44332.40524916712;-32563.049502736274;2231.978146073597;-20544.583564351033;-44490.745006888515;-45376.74580535243;-39727.54355997367;121735.80339381736;-31129.408613372878;-31028.53519064608;-30662.480671701513;58670.937558524325;-45696.241640596585;-38690.95905911435;
27235.064176924727;53452.67694624388;-44364.81527862731;-32582.182595990016;2307.6388010548117;-20558.88868080243;-44528.72062071808;-45359.17733421056;-39708.99161207576;121727.1309169687;-31207.662070710907;-31009.513856114612;-30639.748947590466;58666.55661661108;-45677.153250831754;-38667.579134414096;
27259.181709192006;53424.89372788593;-44330.28183344386;-32565.374084159626;2247.669070681223;-20552.518433632664;-44495.9529633466;-45380.29973272082;-39727.70002218486;121726.66153033514;-31102.944147937793;-31030.39038543587;-30657.339770476792;58669.21647420126;-45700.46612029864;-38690.10969282505;
27225.6764442535;53383.677111110344;-44363.04949081534;-32581.35558144517;2286.3599403333596;-20557.97225927976;-44542.891626702745;-45354.97520625296;-39708.81279812012;121710.16594292712;-31205.717468943298;-31013.268949183104;-30644.331055203806;58658.957023496274;-45681.69065495618;-38668.85318384805;
27249.324589887216;53382.20189597629;-44340.18365623756;-32564.882345781607;2269.2608558250495;-20559.805102325096;-44516.71773394558;-45374.44357567353;-39735.992519377774;121710.79179177187;-31087.454389030267;-31039.912228573827;-30670.169671794138;58662.48859912022;-45702.16485287724;-38691.897832381466;
27225.96701693142;53364.45461087878;-44346.84447608524;-32569.889136539598;2288.371597334337;-20552.49608188821;-44519.84697816932;-45347.889703260626;-39702.442550950356;121700.30882362233;-31189.914785613393;-31006.74223980215;-30641.31356970234;58654.55372983858;-45670.78300366199;-38654.61512263002;
27232.784298990286;53351.51295083916;-44337.72496434748;-32571.29729644028;2305.604792309379;-20562.68847735983;-44520.62928922526;-45367.91686629258;-39730.49399024177;121702.18637015657;-31066.71197017574;-31034.681920371288;-30668.82856712682;58656.56538683956;-45702.72364648863;-38687.338076512584;
27222.077813396194;53349.25542464917;-44338.30610970332;-32567.162223716048;2287.1422513892953;-20547.31047717458;-44529.70409747411;-45345.87804625965;-39699.2686032377;121690.49640780645;-31177.330753485057;-31012.777210805085;-30639.659540612643;58647.35646812397;-45670.40302400626;-38654.54806739665;
27221.20609536244;53322.05335164707;-44328.739563076444;-32581.713209356454;2330.638746099323;-20575.69719263282;-44527.40186779522;-45355.39988939761;-39739.971129890815;121695.10086716425;-31063.49331897418;-31046.86362109943;-30676.964602108554;58652.51972109315;-45708.37863783582;-38690.24380329178;
27214.791144703766;53327.30601159406;-44322.36931590668;-32567.519851627334;2274.0441291384855;-20546.908145774385;-44515.33192578935;-45338.59137756722;-39708.030487064185;121683.88029144768;-31174.581488917054;-31021.38263242038;-30646.901505816164;58643.95900296677;-45679.72370144412;-38652.044672017655;
27195.72510668339;53294.78422341159;-44330.34888867723;-32581.579098889724;2343.8709788168644;-20560.408599425387;-44524.71965846058;-45343.79933402531;-39729.19758906336;121686.80836997133;-31061.302848017556;-31032.938484303773;-30672.40484623967;58647.8929099909;-45702.16485287724;-38671.490689693775;
27201.067173608208;53294.49365073367;-44320.357658905705;-32563.36242715865;2240.672974666712;-20541.16374744937;-44519.62346072477;-45339.843075256715;-39700.29678348265;121677.86767218921;-31156.54363114162;-31014.5206468726;-30645.292180215383;58640.718000020745;-45675.99096012008;-38646.3226254371;
27191.43357174797;53263.00004279614;-44326.97377526448;-32575.812348820255;2331.622222855356;-20551.49025338772;-44534.37561206527;-45342.01119446888;-39727.811780907134;121680.08049489028;-31058.77710089411;-31036.09008027197;-30674.997648596487;58643.42256109984;-45706.47873955712;-38680.25257352026;
27192.19353105945;53203.49969905612;-44313.92035650258;-32559.763796301344;2205.6254393607906;-20534.234706668223;-44523.53501600445;-45336.46796184397;-39691.75841710072;121670.49159651896;-31131.48732560722;-31003.881216511872;-30638.363139434237;58635.64415402939;-45666.402061748755;-38627.994194983745;
27162.398655700526;53147.8438553624;-44326.035001997356;-32578.047523265785;2330.8399117994204;-20547.936326019328;-44538.80125746742;-45329.427162340544;-39729.7787344192;121668.90462266262;-31073.305734790058;-31028.646949368354;-30672.44954972858;58635.755912751665;-45695.973419663125;-38659.68896862137;
27158.95648705441;53168.09453583891;-44303.325629630766;-32555.226392176915;2198.696398579645;-20510.497154056688;-44493.606030178795;-45335.663299043576;-39690.417312433405;121660.5674219808;-31123.239531903215;-30994.359373373914;-30633.132831231695;58629.475072559726;-45654.019195320514;-38615.49956983323;
27116.398765611502;53140.57953841443;-44333.25461545642;-32577.77930233232;2324.0673332294623;-20549.277430686645;-44526.507798017;-45333.070496686756;-39715.20539703434;121658.39930276864;-31085.778008196117;-31016.308786429025;-30661.117215289738;58629.676238259824;-45682.60707647885;-38647.015529515214;
27127.060547716686;53149.02849781853;-44290.942763202525;-32553.997046231874;2184.033654216964;-20524.91402923036;-44499.886870370734;-45336.53501707733;-39694.66414387991;121652.3643317657;-31099.591386269498;-31007.725716558187;-30628.34955791826;58627.016380669644;-45662.13287855779;-38618.852331501526;
27081.910023916964;53104.77204379703;-44325.76678106389;-32582.651982623578;2318.0770657154403;-20554.574794122553;-44543.517475547495;-45333.629290298144;-39709.013963820216;121646.84345088524;-31076.725551691718;-31023.461344654723;-30645.985084293497;58626.14466263589;-45684.931657902205;-38642.29931143514;
27112.777783009744;53103.67680831871;-44291.23333588044;-32551.426595619512;2190.1133287088073;-20518.72259601624;-44516.22599556756;-45340.64773805711;-39695.91584156941;121643.69185491704;-31061.548717206566;-31028.445783668256;-30639.413671423637;58624.26711610164;-45680.99775087807;-38643.75217482474;
27065.503843486767;53068.58456952388;-44310.031152967356;-32571.744331329388;2329.9681937656637;-20524.466994341255;-44521.32219330337;-45318.675973257545;-39691.28903046716;121638.21567752548;-31069.90826963285;-31015.638234095364;-30640.30774120185;58618.835642199;-45678.762576432535;-38624.574378082085;
27076.32208780314;53083.5825900534;-44267.47343152445;-32545.503383338855;2210.6322301187793;-20510.072470912037;-44478.96563756056;-45326.20851113898;-39678.83910880555;121632.42657571156;-31020.51091438662;-31001.08724845496;-30621.91225551513;58615.25936308615;-45671.431204251196;-38606.178892395365;
27018.028738263696;53064.002461910546;-44303.61620230868;-32572.101959240674;2317.3841616373256;-20530.345503133;-44536.27551034397;-45324.129798904636;-39681.07428325108;121618.76965984938;-31070.19884231077;-31000.6178618214;-30625.220313694517;58610.78901419509;-45680.170736333224;-38619.679346046374;
27029.852811080553;53104.77204379703;-44263.76304194487;-32544.45285134946;2208.7770353289884;-20505.132735387415;-44488.33101848734;-45340.200703168004;-39688.49506241024;121607.70554634399;-31016.84522829595;-31011.771382304596;-30627.187267206584;58613.247706085174;-45693.9841144066;-38628.17300893939;
26973.52641505318;53077.79348823947;-44296.307181871794;-32558.981485245407;2294.6077340373677;-20511.368872090447;-44516.36010603429;-45319.659450013576;-39666.05391097712;121584.37032513265;-31090.96361290975;-30986.871538981384;-30612.90450249964;58605.134022847895;-45677.9802653766;-38611.65506978692;
26962.19408061434;53078.039357428475;-44277.35290257369;-32547.425633362014;2200.663352091712;-20511.927665701827;-44490.297971999404;-45343.44170611402;-39683.17534722988;121573.99911570539;-31011.23494043767;-31006.921053757796;-30629.7800695634;58606.74334844868;-45701.40489356576;-38635.14675320945;
26906.046498542608;53060.78381070898;-44311.95340299051;-32562.35659865816;2248.272567781516;-20518.521430316145;-44526.597204994825;-45318.34069709071;-39678.19090821635;121550.66389449405;-31122.43486910282;-31002.249539166634;-30623.25336018245;58599.45667975625;-45695.61579175184;-38626.87660776098;
26919.211676026785;53090.60103781236;-44281.39856832011;-32547.67150255102;2199.478709635581;-20511.525334301634;-44487.90633534269;-45326.61084253917;-39700.3191352271;121534.72710069742;-31021.740260331662;-31020.95794927573;-30638.20667722305;58599.09905184496;-45713.318373360446;-38644.89211379196;
26873.345896404495;53069.94802593566;-44303.86207149769;-32557.081586966706;2224.2891459809716;-20514.118136658446;-44502.65848668319;-45317.692496501506;-39680.87311755099;121511.14601029707;-31136.6505785764;-31000.081419954473;-30608.277691397394;58592.19236280827;-45687.70327421466;-38617.086543689555;
26867.199166679286;53068.58456952388;-44290.18280389104;-32553.23708692039;2214.4990819095474;-20512.240590124202;-44477.26690498196;-45323.12397040415;-39705.48238819628;121501.62416715911;-31021.18146672028;-31019.90741728633;-30632.842258553777;58594.829868654;-45711.46317857065;-38639.23712244476;
26826.92132317082;53062.3260810764;-44310.41113262309;-32561.26136317985;2210.6769336076895;-20509.625436022932;-44501.362085504785;-45312.81981621025;-39683.57767863008;121478.84773955915;-31141.255037934192;-31000.19317867675;-30610.4234588651;58586.31385401653;-45687.47975677011;-38617.243005900746;
26829.849401694468;53068.89749394626;-44293.22264113696;-32551.96303748644;2241.120009555818;-20514.699282014284;-44471.41074793467;-45333.763400764874;-39713.59607143355;121468.83415804317;-31021.069707998005;-31022.634330109875;-30629.377738163203;58589.10782207344;-45714.078332671925;-38647.75313708224;
26804.7260409267;53070.52917129149;-44299.034094695344;-32552.186554930995;2195.343636911349;-20505.289197598602;-44498.79163489243;-45313.13274063262;-39681.90129779593;121446.59417231014;-31137.20937218778;-30995.40990536331;-30594.799589490845;58582.04467082556;-45680.21543982213;-38616.23717740025;
26797.797000145558;53067.24346485656;-44296.754216760906;-32558.48974686739;2252.6088062058457;-20511.3912238349;-44475.076434025344;-45330.99178445242;-39720.79333314816;121436.40177683852;-31021.494391142656;-31028.065804012516;-30627.880171284698;58583.899865615356;-45717.296983873486;-38658.683140120884;
26796.142971055862;53081.816802241425;-44299.52583307336;-32549.10201419616;2182.156107682718;-20493.889807926396;-44470.65078862319;-45318.20658662398;-39678.97321927229;121421.18023886446;-31118.188037656313;-30989.41963784929;-30592.251490622937;58580.30123475805;-45673.1299368298;-38618.18177916787;
26794.10896231043;53078.55344755095;-44298.698818528515;-32558.176822445017;2292.9984084365856;-20506.67500575483;-44474.85291658079;-45331.70704027499;-39718.804027891645;121414.38530855005;-31010.09500147045;-31014.922978272796;-30631.702319586555;58583.27401677061;-45706.165815134744;-38642.478125390786;
26795.248901277653;53088.947008722665;-44294.787263248836;-32544.855182749652;2224.177387258695;-20487.497209012177;-44483.77126261846;-45317.58073777923;-39685.07524550858;121397.37563101956;-31093.087028633003;-30990.85014949443;-30600.320470371305;58577.21669402322;-45673.95695137465;-38608.23525288526;
26779.49092143666;53068.98690092408;-44307.17012967708;-32562.043674235785;2362.244112759127;-20504.81981096504;-44478.83152709383;-45310.986973164916;-39724.749591916756;121392.0559158392;-31011.838437537965;-31026.881161556383;-30637.5808283783;58580.59180743597;-45713.519539060544;-38654.771584841204;
26805.284834538084;53102.9839042406;-44277.308199084786;-32528.426650575002;2273.3288733159156;-20478.08712459649;-44450.62362559124;-45312.70805748797;-39680.47078615079;121375.4932731978;-31071.450540000267;-30993.532358829067;-30605.707240785032;58573.08162129899;-45674.292227541475;-38613.599671554526;
26780.317935981508;53083.69434877567;-44291.345094602715;-32551.06896770823;2422.9067472108304;-20506.04915691008;-44472.66244562417;-45321.22407212545;-39704.744780629255;121367.93838357192;-31003.814161278508;-31007.412792135812;-30627.16491546213;58574.378022477395;-45698.92384993123;-38642.612235857516;
26795.271253022107;53096.70306404866;-44273.75427171639;-32532.561723299234;2297.6475712832894;-20490.537046258098;-44451.80826804737;-45319.03360116883;-39682.23657396276;121355.6449241215;-31045.99190306567;-30985.463379080702;-30594.754886001934;58570.466467197715;-45669.531305972494;-38604.81543598359;
26763.352961939927;53083.24731388656;-44307.52775758836;-32561.26136317985;2439.2905758965703;-20518.25320938268;-44488.778053376445;-45310.91991793155;-39711.740876643766;121344.24553444929;-31025.920036544805;-31006.80929503552;-30623.141601460175;58568.20894100773;-45694.69937022917;-38633.20215144183;
26797.864055378923;53109.0859304769;-44273.039015893824;-32529.790106986777;2298.273420128038;-20482.557473487555;-44436.7878957734;-45306.44956904049;-39689.41148393291;121334.79074654469;-31037.721757617208;-30990.827797749975;-30602.66740353911;58564.61031015043;-45675.4321665087;-38609.956337208314;
26762.05656076152;53077.972302195114;-44298.6541150396;-32558.422691634023;2422.7055815107324;-20502.897560941885;-44471.924838057144;-45310.070551642246;-39699.82739684908;121328.66636856394;-31045.835440854484;-30997.153341430825;-30612.211598421527;58561.793990349055;-45686.384521291795;-38625.08846820456;
26791.694973909256;53087.53884882198;-44261.12553609914;-32527.487877307878;2283.990655421097;-20487.13958110089;-44440.69945105308;-45317.6477930126;-39686.014018775706;121326.07356620712;-31027.797583079053;-30989.6655070383;-30599.58286280428;58561.70458337123;-45672.2805705405;-38613.01852619869;
26750.210136200207;53069.14336313526;-44300.88928948514;-32561.50723236886;2394.6764939637774;-20510.899485456885;-44491.84024236682;-45303.20856609447;-39699.71563812681;121318.1386969255;-31056.117243303925;-31000.349640887936;-30605.707240785032;58558.48593216967;-45678.67316945472;-38630.92227350739;
26795.450066977748;53109.19768919917;-44261.25964656587;-32525.878551707097;2266.7127569571444;-20480.858740908952;-44421.8345787328;-45308.10359813018;-39693.99359154625;121313.60129280106;-31003.724754300685;-30995.968698974695;-30603.025031450397;58557.033068780074;-45676.259181053545;-38614.00200295472;
26759.217889215695;53079.849848729355;-44303.01270520839;-32559.093243967684;2358.399612712814;-20519.616665794452;-44488.46512895407;-45300.973391648935;-39694.79825434664;121305.88994096399;-31066.19788005327;-30991.69951578373;-30606.48955184097;58553.03210652258;-45678.69552119917;-38616.63950880045;
26780.58615691497;53108.34832290987;-44268.90394316959;-32540.72011002542;2262.4212220217255;-20496.750831216676;-44453.6411110927;-45314.406790066576;-39716.278280768194;121305.08527816359;-30996.46043735271;-31019.639196352866;-30617.19603743506;58554.23910072316;-45701.02491391003;-38640.0194335007;
26724.95266496571;53070.86444745833;-44314.45679836951;-32573.532470885813;2340.6076241263895;-20513.313473858056;-44479.92676257215;-45297.93355440302;-39697.92749857039;121293.61883325802;-31076.323220291524;-31001.4672281107;-30604.120266928705;58547.10889424192;-45678.27083805452;-38622.048630958634;
26765.386970685362;53095.585476825894;-44268.59101874722;-32542.217676903925;2277.508649529058;-20481.283424053603;-44427.62368054673;-45309.42235105304;-39706.823492863594;121292.2330251018;-30980.166015644794;-31014.81121955052;-30617.754831046444;58548.226481464684;-45689.78198644901;-38633.60448284203;
26730.63000805736;53095.67488380372;-44298.92233597307;-32561.753101557864;2321.6980483172;-20481.641051964885;-44452.83644829231;-45289.14931883208;-39676.11219598201;121278.5761092396;-31079.09483660398;-30985.105751169416;-30594.48666506847;58539.50930112712;-45658.914227356225;-38595.718275990286;
26753.272325190585;53112.05871248945;-44265.7970506903;-32541.01068270334;2284.92942868822;-20455.04247606307;-44415.33022109631;-45307.768321963355;-39687.35512344303;121282.95705115284;-30965.302105582014;-30998.360335631412;-30611.183418176584;58544.89607154085;-45669.64306469477;-38604.658973772406;
26735.614447070893;53111.27640143352;-44289.93693470203;-32546.464508350437;2286.0023124220747;-20455.176586529804;-44422.773351999924;-45291.898583400085;-39647.68077703485;121271.91528939192;-31073.506900490156;-30961.614067746887;-30579.19807186104;58537.72116157069;-45628.13587524127;-38560.11194707298;
26750.47835713367;53123.14517773929;-44266.75817570188;-32539.781336758297;2269.3279110584153;-20453.56726092902;-44410.27872684941;-45315.949060433995;-39680.269620450694;121271.35649578054;-30964.31862882598;-30996.862768752908;-30610.602272820746;58539.576356360485;-45668.19020130518;-38594.645392256425;
26724.840906243433;53112.55045086747;-44280.61625726417;-32544.81047926074;2225.8537680928434;-20443.53132766859;-44439.96184348605;-45283.7401966739;-39647.4572595903;121256.82786188458;-31091.142426865394;-30972.253498107613;-30572.62665899118;58529.04868472203;-45637.255386979035;-38566.43749075383;
26729.847697001424;53115.12090147983;-44272.18964960452;-32545.615142061135;2241.4552857226477;-20463.156159300346;-44428.383639858206;-45309.91408943106;-39682.638905362954;121255.77732989518;-30983.89875696883;-31009.60326309243;-30610.28934839837;58532.580260345974;-45675.18629731969;-38605.977726695266;
26721.354034108404;53109.35415141036;-44276.86116419568;-32538.574342557713;2159.1114591492965;-20445.207708502738;-44424.874415978724;-45286.40005426408;-39644.17155315537;121241.3157512326;-31100.463104303257;-30977.461454565702;-30574.973592158985;58525.07007420899;-45639.28939572447;-38562.52593547415;
26716.906036961802;53100.32404665042;-44264.791222189815;-32549.660807807544;2210.6545818632344;-20459.736342398686;-44419.152369398165;-45298.112368358656;-39682.12481524048;121240.13110877648;-30991.3642396169;-31013.827742794485;-30611.161066432127;58530.278030667076;-45685.73632070259;-38607.05061042913;
26717.710699762192;53135.25982323406;-44249.9943673604;-32531.62295003211;2113.2903830159166;-20432.75778684113;-44420.02408743192;-45287.070606597736;-39635.879055962454;121222.71909984578;-31087.29792681908;-30978.310820855004;-30575.219461347995;58522.05258870752;-45648.02892780649;-38562.03419709614;
26701.081001887444;53124.93331729571;-44254.66588195156;-32544.765775771833;2198.5622881129134;-20455.84713886346;-44426.6849072796;-45293.91024040106;-39669.652541834424;121217.7123090878;-30988.637326793356;-31006.965757246708;-30609.976423975997;58525.24888816463;-45682.09298635638;-38597.796988224625;
26711.698080503713;53143.41820996025;-44239.66786142205;-32522.548141783256;2080.098042499786;-20431.550792640544;-44418.75003799797;-45283.76254841835;-39631.31930009357;121204.2565589257;-31065.884955630896;-30975.65096326482;-30568.357475800214;58519.30332413952;-45645.16790451621;-38555.507487715186;
26691.849731427403;53134.41045694476;-44253.950626128986;-32541.72593852591;2186.5817530848685;-20454.461330707232;-44434.06098294986;-45294.60314447917;-39661.3600446415;121199.74150654573;-30991.923033228286;-31003.121257200393;-30598.845255237255;58521.62790556287;-45677.577933976405;-38586.06232238559;
26703.04795539951;53164.96529161517;-44229.87779735062;-32520.268263848815;2051.6666235526354;-20435.305885709036;-44409.65287800466;-45285.885964141606;-39636.95193969631;121187.62686105096;-31050.126975789903;-30988.525568071076;-30569.117435111697;58515.70469328221;-45651.80637261944;-38563.44235699682;
26677.499911487095;53137.98673605761;-44249.480277237926;-32538.328473368703;2181.485555349059;-20449.990981816172;-44421.56635779934;-45294.692551456996;-39655.03450096065;121180.76487550317;-30994.337021629457;-30996.70630654172;-30588.29523185435;58514.475347337175;-45664.34570125886;-38583.894203173426;
26697.594129752415;53172.94486438571;-44225.60861415966;-32510.813475944222;2031.7512192429567;-20425.381711170878;-44390.273915561906;-45294.78195843482;-39627.94418668082;121172.29356435461;-31017.404021907336;-30972.007628918607;-30562.09898735273;58512.10606242491;-45630.14753224225;-38551.32771150205;
26659.529108945026;53144.02170706054;-44264.41124253407;-32540.653054792056;2149.1649328666845;-20449.76746437162;-44418.727686253515;-45276.498231470374;-39647.971349712774;121160.22362234874;-31001.109600199416;-30989.03965819355;-30581.85792945122;58508.08274842295;-45652.40986971973;-38582.32958106155;
26684.56306273497;53164.33944277042;-44237.18681778751;-32511.238159088873;1991.2722100343956;-20426.611057115922;-44383.79190966987;-45287.137661831104;-39629.91114019288;121149.0477501211;-31001.780152533076;-30982.13296915686;-30564.75884494291;58505.28878036604;-45638.998823046546;-38561.85538314049;
26644.59814364888;53135.41628544525;-44283.72314974346;-32541.368310614624;2106.7413218905117;-20460.697467410264;-44423.66742177813;-45277.90639137106;-39644.43977408884;121136.91075288186;-31024.17660047729;-31000.66256531031;-30586.797664975842;58502.69597800922;-45662.758727402535;-38588.83393869805;
26675.644716697305;53160.047907834996;-44241.70187016748;-32514.300348079247;1963.7348608654572;-20438.79275784406;-44378.47219448951;-45280.208621049955;-39627.47480004726;121128.6406074334;-31000.55080658803;-30994.64994605183;-30569.966801401;58502.71832975368;-45653.192180775666;-38573.52299374616;
26633.690492354694;53141.00422155908;-44281.420920064564;-32541.882400737097;2070.442088895093;-20456.450635963756;-44423.198035144575;-45273.68191166901;-39633.04038441663;121115.45307820477;-31054.977304336706;-30999.477922854177;-30572.76076945791;58499.14205064083;-45662.825782635904;-38583.536575262144;
26666.771074148546;53168.83214340593;-44246.41808824755;-32510.791124199764;1952.5589886378038;-20445.56533641402;-44378.13691832268;-45278.01815009334;-39632.392183827425;121105.26068273315;-30997.689783297752;-30998.539149587054;-30567.95514440002;58497.3092075955;-45663.406927991746;-38573.79121467963;
26624.101593983367;53146.16747452825;-44291.18863239153;-32535.042766933773;2045.8775217387108;-20459.870452865416;-44416.134883896695;-45274.59833319168;-39623.160913367385;121091.22378721522;-31060.98992359518;-30989.71021052721;-30561.651952463624;58494.04585290502;-45660.61295993483;-38571.48898500073;
26660.065550811953;53177.459916765685;-44245.85929463617;-32501.91748165101;1962.2149422424964;-20435.5741066425;-44364.85998211622;-45277.68287392651;-39629.64291925942;121085.6805545903;-30968.587812016944;-30994.024097207082;-30573.408970047116;58497.01863491758;-45675.476869997605;-38578.97681939326;
26629.488364397093;53171.782573674034;-44272.88255368263;-32510.657013733035;2035.1039809112528;-20437.675170621296;-44393.33610455228;-45273.70426341346;-39595.824729898544;121070.10138870495;-31044.539039676078;-30961.099977624417;-30546.8103941453;58491.81067845949;-45648.18539001768;-38548.82431612305;
26650.387245462807;53189.66396923828;-44237.522093954336;-32497.15656008203;1975.6259889156806;-20433.51774615261;-44361.08253730328;-45276.60999019266;-39609.32518354955;121068.06737995952;-30937.02714884605;-30975.27098360908;-30553.314751781792;58496.996283173125;-45663.4292797362;-38564.649351197404;
26604.36500362933;53163.1995038032;-44284.66192301058;-32521.475258049402;2002.805710173334;-20446.884089336883;-44401.47213953402;-45271.267923267835;-39596.62939269893;121048.39784483885;-31048.160022277836;-30963.536317770046;-30540.842478375733;58486.781535957045;-45653.08042205339;-38551.305359757585;
26611.60696883285;53172.27431205205;-44255.87287615215;-32516.513170780323;1976.005968571421;-20449.879223093896;-44390.16215683963;-45282.4884989844;-39631.07343090456;121045.31330410401;-30936.781279657043;-30999.723792043187;-30576.53821427086;58490.67073949227;-45691.145442860776;-38588.58806950904;
26593.055020934942;53161.12079156886;-44272.16729786006;-32517.831923703186;1976.2741895048846;-20453.455502206743;-44409.07173264882;-45267.915161599536;-39603.60313696899;121026.60489399493;-31052.652722913354;-30980.948326700727;-30544.03877783284;58480.970082398664;-45667.69846292716;-38567.24215355422;
26601.146352427764;53159.24324503461;-44264.500649511894;-32517.563702769723;1994.580268213781;-20464.13963605638;-44395.34776155326;-45297.978257891926;-39640.41646008688;121025.64376898334;-30933.78614590003;-31010.944367759752;-30579.28747883886;58487.139163868334;-45705.42820756772;-38601.507377804206;
26583.711991752625;53164.942939870714;-44282.605562520694;-32515.932025424485;1973.256704003418;-20454.28251675159;-44406.38952331418;-45265.76939413183;-39607.492340504214;121008.8129054085;-31045.790737365573;-30980.300126111524;-30550.923115125075;58479.025480631055;-45669.821878650415;-38564.671702941865;
26588.338802854872;53159.846742134905;-44279.36455957467;-32521.497609793856;2037.2497483789623;-20459.13284529839;-44397.02414238741;-45289.037560109806;-39640.19294264233;121006.7118414297;-30922.990253328117;-31007.055164224526;-30585.613022519712;58483.495829522115;-45702.14250113279;-38599.138092891946;
26591.78097150099;53161.43371599123;-44272.971960660456;-32509.807647443733;1981.325683751784;-20445.788853858576;-44403.81907270182;-45269.4350802225;-39607.53704399312;120992.22791102267;-31034.346644204456;-30980.590698789445;-30551.750129669923;58477.14793409681;-45670.06774783942;-38562.414176751874;
26563.08133162038;53146.56980592845;-44278.29167584082;-32524.358633084135;2069.168039461141;-20457.14354004187;-44381.37792126869;-45269.14450754458;-39636.594311785026;120990.32801274396;-30924.06313706197;-31001.08724845496;-30583.020220162896;58481.77474519906;-45695.124053373824;-38591.583203266055;
26551.1678518257;53171.80492541849;-44268.43455653603;-32505.516112508314;1965.7018143775242;-20427.728644338687;-44370.80554614133;-45272.72078665743;-39585.38646523791;120975.1511782588;-31012.263120682615;-30954.908544410297;-30546.162193556094;58475.113925351376;-45643.08919228187;-38535.5473799166;
26524.882200346256;53162.774820658546;-44280.12451888616;-32524.358633084135;2044.4246583491158;-20446.727627125696;-44387.5246509939;-45283.82960365172;-39620.32224182156;120969.83146307844;-30929.539314453523;-30988.6149750489;-30575.219461347995;58477.550265497004;-45678.069672354424;-38578.39567403742;
26539.67905517567;53171.17907657374;-44265.23825707892;-32506.790161942266;1907.9002032161002;-20432.24369671866;-44382.40610151364;-45273.90542911356;-39594.55068046459;120957.49330013912;-31011.793734049053;-30970.867689951385;-30542.362396998695;58473.16932358377;-45646.10667778333;-38545.650368410395;
26519.450726443618;53150.056678063476;-44283.56668753227;-32526.929083696497;2030.6112802757361;-20442.458443934735;-44395.19129934208;-45269.47978371141;-39622.959747667286;120952.15123321429;-30945.297294294513;-30991.051315194527;-30565.71996995449;58474.421021273265;-45676.102718842354;-38576.83105192555;
26541.847174387836;53167.02165210505;-44259.44915526499;-32497.71535369341;1888.5435925178044;-20418.810298301018;-44363.60828442673;-45266.52935344331;-39595.80237815409;120943.23288717662;-30991.297184383537;-30972.678181252264;-30543.10000456572;58472.00703287209;-45652.65573890874;-38551.86415336897;
26515.315653719386;53138.76904711355;-44283.67844625455;-32523.66572900602;2011.679352722091;-20435.015313031116;-44392.68790396308;-45272.944304101984;-39617.08123887554;120936.8402882624;-30955.847317677417;-30988.994954704638;-30568.111606611208;58472.56582648347;-45678.24848631007;-38577.12162460347;
26549.178546569176;53160.83021889094;-44247.78154465932;-32490.316926278705;1862.7496794163799;-20415.27872267708;-44361.887200103665;-45269.8374116227;-39596.02589559864;120929.39715735879;-30983.339963357448;-30979.495463311134;-30548.844402890732;58471.31412879397;-45657.3272534999;-38554.524010959154;
26505.637348370237;53129.291907464496;-44281.75619623139;-32528.471354063913;1991.4733757344934;-20440.558545656033;-44402.05328488985;-45266.26113250985;-39615.09193361902;120920.29999736548;-30981.305954612013;-30991.90068148383;-30562.18839433055;58469.48128574864;-45674.00165486356;-38567.37626402095;
26540.506069720515;53141.741829126106;-44242.86416087916;-32499.63760371657;1847.46108620895;-20413.71410056521;-44362.40129022614;-45279.85099313867;-39608.38641028242;120916.23197987462;-30971.582945773956;-30984.725771513677;-30559.10385359572;58472.23055031664;-45664.2786460255;-38546.81265912207;
26503.022194268968;53107.32014266493;-44282.0020654204;-32525.58797902918;1973.9272563370773;-20432.534269396576;-44409.31760183783;-45262.14841153007;-39615.62837548595;120908.05124140397;-30995.923995485784;-30991.028963450073;-30568.648048478135;58472.36466078337;-45673.95695137465;-38558.100290072005;
26526.849153858326;53118.585421870404;-44242.50653296787;-32497.469484504403;1851.394993233084;-20412.88708602036;-44360.45668845853;-45266.2834842543;-39612.879110917944;120900.5857587559;-30953.12040485387;-30993.107675684416;-30558.455653006513;58471.38118402734;-45670.96181761764;-38552.981740591735;
26488.538263861927;53087.53884882198;-44268.47926002494;-32517.451944047447;1967.7581748674127;-20435.61881013141;-44396.577107498306;-45256.873399838616;-39610.5992329835;120891.71211620714;-31004.797638034543;-30987.676201781775;-30556.80162391682;58469.81656191547;-45669.10662282784;-38551.52887720214;
26522.19999101162;53104.79439554148;-44228.60374791667;-32495.435475758968;1875.6242842226368;-20410.808373786018;-44358.176810524084;-45268.7868796333;-39607.96172713777;120889.72281095062;-30928.533485953034;-30990.000783205127;-30556.220478560983;58473.39284102832;-45665.1280123148;-38552.93703710283;
26490.371106907263;53074.73129924909;-44258.510381997876;-32509.24885383235;1975.6036371712253;-20419.14557446785;-44401.69565697857;-45253.07360328121;-39593.79072115311;120878.0328486005;-30995.85694025242;-30975.51685279809;-30541.736548153945;58469.43658225973;-45649.1241632848;-38537.38022296193;
26516.030909541954;53078.17346789521;-44219.26071873435;-32488.640545444556;1912.683476529536;-20408.483792362666;-44366.75988039492;-45271.37968199011;-39597.05407584358;120873.94247936517;-30898.671555360743;-30982.065913923492;-30544.686978422043;58470.39770727131;-45654.66739590972;-38541.06826079706;
26472.80263576539;53048.55740649193;-44263.51717275586;-32512.24398758936;1979.3363784952617;-20424.822917559497;-44398.34289531027;-45247.30685321175;-39587.420473983344;120860.777301881;-30996.214568163705;-30972.901698696816;-30532.61703641618;58464.42979150174;-45645.145552771755;-38534.13922001591;
26495.467304643073;53053.38538329428;-44231.12949504012;-32499.5705484832;1946.7475350794239;-20415.94927501074;-44362.42364197059;-45270.03857732279;-39606.82178817056;120859.59265942487;-30882.243023186093;-30988.79378900454;-30555.460519249504;58467.76020142558;-45666.80439314895;-38551.506525457684;
26465.2477461395;53035.79456040795;-44258.37627153114;-32514.099182379152;1980.386910484661;-20412.641216831355;-44395.03483713089;-45249.20675149045;-39585.408816982366;120848.37208370831;-30989.553748316022;-30970.107730639906;-30538.406138230104;58463.82629440145;-45647.112506283825;-38525.39968793389;
26494.52853137595;53034.1181795738;-44223.976936814426;-32495.413124014514;1986.6901024210576;-20414.339949409958;-44368.16804029561;-45271.44673722348;-39608.00643062669;120848.19326975266;-30870.620116069334;-30994.314669885003;-30559.170908829085;58468.00607061459;-45676.57210547592;-38550.187772534824;
26465.67242928415;53003.76451060349;-44247.40156500359;-32506.85721717563;1979.3810819841722;-20417.379786655878;-44397.27001157642;-45245.965748544426;-39573.674151143336;120833.53052538999;-30985.32926861397;-30967.760797472096;-30522.357585711194;58459.66886993276;-45647.04545105046;-38520.258786709164;
26472.86969099876;53000.657618124205;-44232.492951451895;-32511.036993388774;2013.7580649564345;-20425.001731515138;-44389.156328339144;-45271.04440582328;-39615.8518929305;120835.20690622414;-30867.759092779055;-31006.071687468495;-30561.830766419265;58466.26263454708;-45688.0832538704;-38564.314075030576;
26466.924126973645;53007.47490018307;-44241.32189051174;-32502.5209787513;1979.3363784952617;-20417.64800758934;-44397.29236332088;-45248.893827068074;-39576.98220932272;120821.84056303985;-30977.595565032432;-30971.918221940785;-30522.625806644657;58459.110076321376;-45646.64311965026;-38517.17424597433;
26462.744350760502;53006.55847866041;-44238.03618407681;-32508.66770847651;2049.4090973626494;-20421.872487291395;-44376.23702004398;-45261.58961791869;-39613.41555278487;120820.83473453937;-30867.02148521203;-31000.863731010406;-30559.081501851262;58463.28985253452;-45682.71883520113;-38550.65715916838;
26435.05053938038;53002.49046116954;-44232.60471017417;-32497.827112415685;1968.875762090178;-20404.013443471606;-44383.50133699195;-45246.50219041135;-39569.539078419104;120807.267225655;-30973.88517545285;-30963.17868985876;-30515.94263505252;58457.65721293178;-45641.9716050591;-38503.494978367686;
26411.536504213396;52962.77141127246;-44247.178047559035;-32517.653109747545;2049.3420421292835;-20434.389464186366;-44394.2301743305;-45261.16493477404;-39617.41651504237;120804.58501632036;-30886.86983428834;-31005.95992874622;-30555.840498905243;58462.21696880066;-45685.66926546923;-38553.09349931401;
26419.784297917402;52962.03380370543;-44236.248044520384;-32500.755190939333;1936.711601818991;-20418.832650045475;-44384.037778858874;-45251.44192593598;-39587.35341874998;120790.0563824244;-30983.60818429091;-30977.863785965896;-30527.073803791263;58456.07023907545;-45652.99101507557;-38511.42984764932;
26399.42185871862;52940.1961493726;-44251.581341216726;-32524.202170872948;2040.1107716692416;-20447.04055154807;-44401.36038081174;-45257.633359150095;-39622.28919533363;120783.70848699911;-30913.334299723425;-31005.93757700176;-30561.13786234115;58456.941957109215;-45687.34564630338;-38550.053662068094;
26408.69783266757;52941.157274384175;-44232.64941366308;-32507.371307298105;1901.7087700019802;-20426.499298393643;-44388.93281089459;-45253.163010259035;-39593.81307289757;120772.28674558245;-30991.498350083635;-30984.27873662457;-30532.32646373826;58453.61154718537;-45654.06389880942;-38518.42594366383;
26387.486027179486;52927.388599799706;-44251.022547605346;-32527.085545907685;2025.5821377732918;-20441.184394500782;-44403.39438955717;-45246.50219041135;-39618.31058482058;120766.6094024908;-30941.430442503744;-31001.4672281107;-30546.363359256193;58455.98083209764;-45675.36511127533;-38540.598874163494;
26407.1332105557;52931.32250682384;-44230.07896305072;-32503.079772362686;1876.652464467581;-20416.86569653341;-44374.35947350973;-45242.16595198702;-39592.047285085595;120754.78532967393;-30982.669411023788;-30978.959021444207;-30527.543190424825;58452.47160821815;-45651.001709819044;-38508.01003074766;
26382.322774210308;52900.387692497694;-44249.10029758219;-32523.263397605828;2006.7619689419234;-20436.669342120807;-44403.21557560153;-45249.65378637955;-39615.15898885238;120746.80575690338;-30968.02901840556;-30999.075591453984;-30550.85605989171;58452.78453264052;-45679.07550085491;-38537.603740406485;
26411.111821068745;52922.76178869746;-44216.824378588724;-32486.517129721302;1855.5747694462264;-20399.520742836088;-44360.74726113645;-45255.06290853774;-39590.03562808462;120738.98264634403;-30983.563480802;-30982.33413485696;-30528.303149736304;58451.73400065112;-45660.523552957005;-38512.927414527825;
26376.824245074302;52893.65981741665;-44248.362690015165;-32510.411144544025;1981.1021663072308;-20422.118356480405;-44397.98526739899;-45246.43513517799;-39600.563299723064;120733.86409686376;-30991.855977994917;-30989.84432099394;-30546.676283678567;58453.81271288547;-45674.69455894167;-38529.53476065812;
26403.288710509387;52907.89787863468;-44211.303497708264;-32482.739684908356;1841.4037634615618;-20404.415774871803;-44362.98243558198;-45256.605178905156;-39583.95595359278;120724.36460547025;-30967.31376258299;-30982.669411023788;-30529.46544044798;58450.348192494894;-45660.121221556816;-38517.2413012077;
26356.282991919878;52888.742433636486;-44253.97297787345;-32508.779467198787;1960.7173753639909;-20423.727682081186;-44403.148520368166;-45238.16498972953;-39597.18818631032;120714.23926523201;-31004.641175823355;-30994.739353029654;-30538.227324274463;58447.66598316026;-45676.84032640938;-38538.63192065143;
26396.22555926151;52922.60532648627;-44214.455093676464;-32480.929193607473;1841.1578942725534;-20394.022213700082;-44356.67924364558;-45252.00071954736;-39592.40491299688;120712.02644253093;-30947.97950362915;-30996.46043735271;-30541.647141176123;58451.219910528656;-45677.734396187596;-38534.65331013838;
26347.543459837852;52858.16524722162;-44249.32381502674;-32505.82903693069;1939.550273364815;-20418.69853957874;-44408.46823554853;-45236.734478084385;-39585.98996233821;120700.1353144807;-31007.27868166908;-30991.855977994917;-30533.466402705482;58447.062486059964;-45674.11341358584;-38531.1440862589;
26364.26256469042;52855.68420358708;-44209.56006164075;-32487.254737288327;1838.587443660193;-20425.001731515138;-44381.28851429087;-45261.2319900074;-39602.396142768404;120696.2908144344;-30933.517924966567;-31006.38461189087;-30539.479021963958;58449.49882620559;-45682.897649156774;-38535.077993283034;
26311.043061142336;52808.767891975396;-44254.79999241829;-32520.178856870993;1903.8545374696896;-20456.13771154138;-44432.04932594888;-45236.98034727339;-39601.211500312274;120682.16451193864;-31022.18729522077;-30999.924957743286;-30526.112678779686;58443.08387554692;-45674.67220719722;-38528.97596704674;
26343.855422002725;52807.87382219718;-44219.73010536791;-32502.699792706942;1836.7993041037685;-20456.76356038613;-44395.370113297715;-45262.57309467472;-39629.91114019288;120682.74565729448;-30926.96886384116;-31023.930731288285;-30545.13401331115;58448.51534944956;-45698.208594108655;-38548.511391700675;
26317.25684610091;52781.25289455091;-44241.500704467384;-32515.52969402429;1882.6427319816032;-20459.80339763205;-44429.88120673671;-45234.0299170053;-39604.296041047106;120669.0887414323;-31028.490487157167;-30996.393382119346;-30518.8036583428;58441.832177857425;-45668.65958793874;-38520.52700764263;
26340.368549867697;52787.91371439859;-44210.47648316342;-32496.843635659654;1857.0499845802767;-20449.163967271325;-44396.286534820385;-45246.97157704492;-39628.72649773675;120668.77581700991;-30914.02720380154;-31018.812181808018;-30543.47998422146;58446.011954070564;-45692.64300973929;-38543.86222885397;
26310.506619275406;52771.01579559038;-44249.390870260104;-32513.160409112028;1859.5980834481818;-20461.323316255013;-44429.72474452553;-45234.499303638855;-39598.976325866744;120655.61063952574;-31025.60711212243;-30989.03965819355;-30517.9542920535;58440.044038301;-45662.93754135818;-38514.96142327326;
26327.337482850253;52779.01772010538;-44222.077038535725;-32508.44419103196;1858.167571803042;-20464.67607792331;-44414.950241440565;-45263.087184797194;-39639.76825949768;120656.9293924486;-30912.21671250066;-31024.489524899665;-30558.27683905087;58446.727209893135;-45704.80235872297;-38558.63673193893;
